0.814723686,0.631188734,0.744867856,0.379605286,-1
0.905791937,0.355073652,0.892267188,0.31906782,1
0.126986816,0.997003272,0.242603386,0.986051067,-1
0.913375856,0.224171499,0.129596976,0.718180905,-1
0.632359246,0.652451073,0.225067882,0.413183359,-1
0.097540405,0.604990642,0.350013919,0.098630237,-1
0.278498219,0.387245431,0.287084613,0.734559125,1
0.546881519,0.142187159,0.927488007,0.63730629,1
0.957506835,0.025134986,0.051313757,0.073841877,-1
0.964888535,0.421112254,0.592666755,0.120508166,-1
0.157613082,0.184100289,0.1628989,0.981596209,1
0.970592782,0.725775267,0.83840577,0.496799422,-1
0.957166948,0.370362687,0.16756093,0.022413654,-1
0.485375649,0.841560087,0.502200615,0.053831549,-1
0.800280469,0.734229691,0.999329479,0.140873798,1
0.141886339,0.571025873,0.355407151,0.893474312,1
0.421761283,0.176855058,0.04707771,0.465820073,1
0.915735525,0.957384023,0.213660585,0.560856738,-1
0.79220733,0.265322036,0.397839124,0.494456347,-1
0.959492426,0.924580895,0.33366818,0.067785488,-1
0.655740699,0.223770405,0.229602532,0.897646542,1
0.035711679,0.373563808,0.936120178,0.288565309,1
0.849129306,0.08750035,0.683188785,0.269046815,-1
0.933993248,0.640116548,0.962113796,0.594194175,1
0.678735155,0.180616888,0.437973178,0.475879024,-1
0.757740131,0.045051107,0.940336654,0.368311038,1
0.743132468,0.723173479,0.005834325,0.65561109,-1
0.39222702,0.347437646,0.61030703,0.938200406,1
0.65547789,0.660616825,0.801075757,0.620425186,1
0.171186688,0.383868601,0.232981533,0.282840092,-1
0.706046088,0.627346502,0.932468676,0.205181252,1
0.031832846,0.021649815,0.763262775,0.439134082,1
0.276922985,0.910569989,0.82644954,0.02725022,-1
0.046171391,0.800558656,0.573463589,0.876184336,1
0.097131781,0.745847484,0.792581664,0.610092246,1
0.823457828,0.813112814,0.329041196,0.20359238,-1
0.694828623,0.383306319,0.223461976,0.519916825,-1
0.31709948,0.617279232,0.312386342,0.053824302,-1
0.950222049,0.57549486,0.584523479,0.862187431,-1
0.034446081,0.530051705,0.829914141,0.442934666,1
0.43874436,0.275069756,0.290462492,0.548009157,1
0.381558457,0.24862896,0.402554392,0.566860832,1
0.765516788,0.45163877,0.862057298,0.680394991,1
0.795199901,0.227712826,0.61473955,0.371378578,-1
0.186872605,0.804449584,0.991187788,0.078228709,1
0.489764396,0.986104242,0.203698875,0.456350724,-1
0.445586201,0.02999195,0.827209085,0.0478438,1
0.64631301,0.535664191,0.675861619,0.738256992,1
0.709364831,0.08707722,0.24894947,0.038001535,-1
0.754686682,0.802091441,0.475785627,0.954244324,-1
0.276025077,0.98914491,0.399075227,0.742372334,-1
0.679702677,0.066946258,0.599438249,0.937449567,1
0.655098004,0.939398362,0.800522766,0.513363986,-1
0.162611735,0.018177534,0.105068771,0.240904799,1
0.118997682,0.683838614,0.821442194,0.259965279,1
0.498364052,0.78373648,0.84108633,0.758974161,1
0.959743959,0.534137568,0.354506244,0.993342764,1
0.340385727,0.885359451,0.430069463,0.35670575,-1
0.585267751,0.899004899,0.572239218,0.752857841,-1
0.223811939,0.625937626,0.700824731,0.110048497,1
0.751267059,0.137868992,0.742469757,0.59704523,1
0.255095115,0.217801594,0.757884151,0.4305952,1
0.505957052,0.182141076,0.389128764,0.730718017,1
0.699076723,0.041819864,0.429302485,0.261176171,-1
0.890903253,0.106941659,0.956344658,0.094807682,1
0.959291425,0.616443485,0.572971367,0.450963489,-1
0.54721553,0.93966101,0.849722054,0.64007451,-1
0.138624443,0.354455731,0.276345316,0.132038817,-1
0.149294006,0.41062909,0.622323615,0.45282243,1
0.257508254,0.984349417,0.588361685,0.652199599,-1
0.840717256,0.945579189,0.963468466,0.826998332,-1
0.254282179,0.676644678,0.085902695,0.308076908,-1
0.814284826,0.988302262,0.500498892,0.402363579,-1
0.243524969,0.766831387,0.521589676,0.884231316,1
0.929263623,0.336699264,0.090166002,0.70057951,-1
0.349983766,0.66238186,0.90466648,0.241872295,1
0.19659525,0.244165287,0.884388939,0.759831816,1
0.251083858,0.295507251,0.438989667,0.290925737,1
0.616044676,0.680178371,0.781722613,0.277438719,-1
0.473288849,0.52784683,0.148465023,0.006107803,-1
0.351659507,0.411593513,0.619815927,0.374711141,1
0.830828628,0.602638218,0.260623679,0.436932781,-1
0.585264091,0.750520056,0.445656211,0.304298469,-1
0.549723608,0.583533174,0.843999511,0.290860331,1
0.917193664,0.551792515,0.196204919,0.242516309,-1
0.285839019,0.583570619,0.303851623,0.93668361,1
0.757200229,0.51181992,0.483294568,0.860190241,1
0.753729094,0.082592727,0.337812044,0.39722826,-1
0.380445847,0.719570135,0.79848583,0.479419104,1
0.567821641,0.996156111,0.987487575,0.564996093,-1
0.07585429,0.354534305,0.159047555,0.48961939,1
0.053950119,0.971258815,0.236879783,0.269811633,-1
0.530797553,0.346448761,0.702236633,0.989740142,1
0.77916723,0.886543862,0.375471663,0.183675696,-1
0.934010684,0.454694865,0.973704903,0.861656725,1
0.129906208,0.413427289,0.972305556,0.032632572,1
0.568823661,0.217732068,0.643698049,0.33195802,1
0.469390641,0.125654587,0.860098877,0.748746996,1
0.01190207,0.308914594,0.401883398,0.644366458,1
0.337122644,0.726104432,0.631930798,0.169237963,-1
0.162182308,0.782872073,0.985236639,0.952205101,1
0.794284541,0.693787615,0.559477406,0.543270235,-1
0.311215042,0.009802252,0.933591916,0.251413476,1
0.528533136,0.843213338,0.720343206,0.57857231,-1
0.165648729,0.922331998,0.484038517,0.915476599,-1
0.601981941,0.770954221,0.639031093,0.895596526,1
0.262971285,0.042659856,0.887636866,0.482506617,1
0.654079098,0.378186137,0.19873675,0.442739978,-1
0.689214503,0.704339624,0.395366274,0.311754952,-1
0.748151593,0.729513046,0.992175302,0.055313772,1
0.450541599,0.224277071,0.402351617,0.753791773,1
0.083821378,0.269054732,0.658856481,0.13194748,1
0.228976969,0.673031165,0.901348123,0.355922119,1
0.913337362,0.477492198,0.995381777,0.395870964,1
0.152378019,0.623716413,0.653163281,0.885521227,1
0.825816977,0.236444933,0.108436428,0.021239549,-1
0.538342435,0.177123754,0.036114031,0.844080719,1
0.996134717,0.829643386,0.618091239,0.288070644,-1
0.078175529,0.766921668,0.567144362,0.250342883,-1
0.44267827,0.934478273,0.961964658,0.488379635,-1
0.10665277,0.107888905,0.746105469,0.729036115,1
0.961898081,0.182227506,0.662516098,0.202616096,-1
0.004634224,0.099095282,0.523313318,0.216276205,1
0.774910465,0.489763802,0.259894281,0.976334515,1
0.817303221,0.19324533,0.961993767,0.593235792,1
0.868694705,0.895891574,0.540204038,0.304403578,-1
0.084435846,0.09908965,0.030270163,0.967702883,1
0.399782649,0.044165572,0.696314463,0.895969831,1
0.259870403,0.557295156,0.519716158,0.190025477,-1
0.80006848,0.772495067,0.059030556,0.001799324,-1
0.431413827,0.311940057,0.890036233,0.711763763,1
0.910647594,0.178982479,0.330202243,0.867726789,-1
0.181847028,0.338955678,0.229701198,0.11830791,-1
0.263802917,0.210145637,0.113948642,0.039022977,-1
0.14553898,0.51015252,0.310922713,0.598194525,1
0.136068559,0.906364323,0.228432322,0.604313506,-1
0.869292208,0.628923939,0.651997167,0.51643241,-1
0.579704587,0.101533889,0.066160125,0.007507404,-1
0.549860202,0.390854753,0.27543138,0.688933364,1
0.144954798,0.054616615,0.281820238,0.946020375,1
0.853031118,0.501282913,0.88006626,0.873536456,1
0.622055131,0.431721172,0.444330359,0.113276453,-1
0.350952381,0.99756035,0.755914121,0.354569341,-1
0.51324954,0.811602581,0.603296376,0.241936831,-1
0.401808034,0.48565167,0.783265937,0.56033331,1
0.075966692,0.894447756,0.113930639,0.612727108,-1
0.239916154,0.137546595,0.978563885,0.300809091,1
0.123318935,0.390004914,0.848596675,0.798141714,1
0.183907788,0.927356225,0.050646498,0.795641627,-1
0.239952526,0.917493832,0.466201834,0.781092266,-1
0.417267069,0.713574012,0.325653275,0.351098432,-1
0.04965443,0.618337384,0.630205125,0.054297354,-1
0.90271611,0.34328789,0.230299164,0.708704617,-1
0.94478719,0.936027327,0.579884973,0.992928441,-1
0.490864092,0.124774041,0.60315632,0.162476485,1
0.489252638,0.730585362,0.599879096,0.113566339,-1
0.33771941,0.646477432,0.44842788,0.912875426,1
0.900053846,0.833151986,0.035423461,0.48165698,-1
0.369246781,0.398282228,0.513814835,0.851805952,1
0.111202755,0.749822209,0.407730162,0.809913803,1
0.780252068,0.83522051,0.108046037,0.186759544,-1
0.389738837,0.322460397,0.459875629,0.247199857,1
0.241691286,0.552261617,0.450882754,0.054188841,-1
0.403912146,0.979129132,0.551140336,0.608961456,-1
0.096454525,0.549308533,0.805404317,0.777232429,1
0.131973293,0.33042361,0.700850073,0.511064089,1
0.942050591,0.619471555,0.872235504,0.027750088,-1
0.95613454,0.360636571,0.052192152,0.990385282,1
0.575208595,0.756509544,0.219681311,0.500939924,-1
0.059779543,0.413900749,0.45964201,0.331997487,1
0.234779913,0.492345104,0.958533596,0.17388314,1
0.353158571,0.694743233,0.790045357,0.625636395,1
0.82119404,0.972733885,0.451874609,0.575134833,-1
0.015403438,0.32775496,0.333428186,0.750985385,1
0.043023802,0.837803183,0.059095313,0.1535188,-1
0.168990029,0.739072227,0.740905303,0.356787197,-1
0.649115475,0.954174456,0.506794524,0.1439508,-1
0.731722386,0.03192263,0.199925413,0.850607655,1
0.647745963,0.356868986,0.427193551,0.33786974,-1
0.450923706,0.662653834,0.168690279,0.275196493,-1
0.547008892,0.281501559,0.751694591,0.006010973,1
0.296320806,0.230383067,0.368350842,0.801911969,1
0.744692807,0.711128551,0.941817795,0.497408285,1
0.188955015,0.624572917,0.017172541,0.537842841,-1
0.686775433,0.590608653,0.829055909,0.870912525,1
0.183511156,0.660437966,0.626590975,0.722843569,1
0.368484596,0.047554673,0.538746515,0.668085932,1
0.625618561,0.348784809,0.650507635,0.178827792,1
0.780227435,0.45134058,0.726629532,0.550495355,1
0.081125769,0.240904997,0.094488564,0.959875079,1
0.929385971,0.715045013,0.877573934,0.596021672,-1
0.775712679,0.856182292,0.014362144,0.808570709,-1
0.486791632,0.281507695,0.294302627,0.984532355,1
0.435858589,0.73105083,0.179914879,0.885924448,1
0.446783749,0.137762893,0.926294268,0.213837003,1
0.306349472,0.836722782,0.068180437,0.034630061,-1
0.508508655,0.138601716,0.581093228,0.451123791,1
0.510771564,0.588209385,0.637151223,0.013794557,-1
0.817627708,0.3661568,0.651269265,0.473710749,-1
0.794831417,0.806759545,0.864622013,0.951197091,1
0.64431813,0.503780786,0.055952529,0.248952279,-1
0.378609383,0.489594339,0.816855174,0.386422801,1
0.811580458,0.877048723,0.528922466,0.431433376,-1
0.532825589,0.353141813,0.694350561,0.830886485,1
0.350727104,0.449443557,0.212404896,0.82464682,1
0.939001562,0.963530287,0.543279946,0.452998612,-1
0.875942811,0.042297798,0.702520272,0.38056017,-1
0.550156343,0.972958334,0.956434557,0.925868543,1
0.622475086,0.189206843,0.444542163,0.740843627,1
0.587044705,0.6671203,0.085397831,0.737633073,-1
0.207742293,0.586439615,0.057340148,0.946915999,1
0.30124633,0.675112416,0.629450486,0.510099705,-1
0.470923349,0.361022049,0.796179066,0.791879185,1
0.23048816,0.620278427,0.691191333,0.452173502,1
0.844308793,0.811150885,0.345307862,0.849198708,-1
0.19476429,0.019257477,0.946816667,0.390430829,1
0.225921781,0.083873508,0.520190318,0.738376512,1
0.170708047,0.974801667,0.953813025,0.976438557,1
0.227664298,0.651349532,0.073595636,0.523299058,-1
0.435698684,0.231237816,0.207031948,0.429915302,-1
0.311102287,0.403491143,0.775027814,0.207158083,1
0.923379642,0.122020518,0.914187821,0.323401379,1
0.430207391,0.268438821,0.782550648,0.110870218,1
0.18481632,0.25784617,0.295534196,0.375210054,1
0.904880969,0.331665239,0.151845722,0.329903979,-1
0.979748378,0.152234013,0.847910522,0.342105172,-1
0.438869973,0.34800766,0.784854591,0.817118851,1
0.111119223,0.121658454,0.270831502,0.531685314,1
0.258064696,0.884153058,0.227810705,0.521122049,-1
0.408719846,0.09427839,0.321023217,0.774309709,1
0.594896074,0.930040626,0.829561804,0.120262771,-1
0.262211748,0.399019969,0.822182195,0.625450152,1
0.602843089,0.047401462,0.57068285,0.346648686,1
0.71121578,0.342373503,0.571829636,0.334619386,-1
0.221746734,0.735966159,0.286018272,0.574616563,-1
0.117417651,0.794682157,0.699133559,0.863937641,1
0.296675873,0.544905898,0.796257943,0.198563072,1
0.318778302,0.686223463,0.441589056,0.672450964,-1
0.42416676,0.893632696,0.446215612,0.901831371,-1
0.507858285,0.05479179,0.465662408,0.199157182,1
0.085515797,0.30366138,0.279039187,0.29828415,1
0.262482235,0.046191556,0.675375318,0.49652027,1
0.801014623,0.195476764,0.903664526,0.889904232,1
0.029220278,0.720165803,0.908525899,0.50141459,1
0.928854139,0.721753273,0.747196944,0.276995239,-1
0.730330863,0.877799071,0.260511507,0.533958179,-1
0.488608974,0.582432964,0.68963784,0.574249554,1
0.578525061,0.070684335,0.131830665,0.412804402,-1
0.23728358,0.92274457,0.123500832,0.014763663,-1
0.458848828,0.800372092,0.190902853,0.702764803,-1
0.963088539,0.285946856,0.145732099,0.506747151,-1
0.546805719,0.543663233,0.585043615,0.381266098,-1
0.521135831,0.984776237,0.07336169,0.064931535,-1
0.231594387,0.715678067,0.822326222,0.358579961,1
0.488897744,0.838969597,0.722902973,0.234251243,-1
0.624060088,0.433260561,0.925858038,0.203504053,1
0.679135541,0.470624716,0.492638598,0.813779583,1
0.395515216,0.560713411,0.654882898,0.393434594,1
0.367436649,0.269091544,0.890123478,0.053575171,1
0.987982003,0.749018468,0.538525574,0.375051578,-1
0.037738866,0.503887773,0.282205165,0.774994177,1
0.885168008,0.646809666,0.975957518,0.165297621,1
0.913286828,0.307745582,0.036425516,0.912218897,1
0.796183874,0.138724636,0.326244573,0.319205782,-1
0.098712279,0.475572934,0.973013624,0.329779668,1
0.261871184,0.362459281,0.365032625,0.20423567,-1
0.33535684,0.788113428,0.309149619,0.767214736,-1
0.679727951,0.780295821,0.120912385,0.069973149,-1
0.136553137,0.668512214,0.915765704,0.950033948,1
0.721227499,0.13350386,0.135478206,0.158209785,-1
0.106761862,0.021555887,0.332117892,0.286445866,1
0.653757349,0.559840706,0.897479892,0.687129115,1
0.494173937,0.300819018,0.499648778,0.141149824,-1
0.779051723,0.939409714,0.615288242,0.51208665,-1
0.715037078,0.980903636,0.583132968,0.721326927,-1
0.903720561,0.286620389,0.698253927,0.928845136,1
0.890922504,0.800820287,0.029332343,0.73210385,-1
0.334163053,0.896111351,0.527882688,0.749848021,-1
0.698745832,0.597526577,0.032072846,0.407319603,-1
0.197809827,0.884016736,0.827142323,0.239491696,-1
0.030540946,0.943731541,0.339986206,0.520850475,-1
0.74407426,0.549158087,0.846710959,0.21907736,1
0.500022436,0.728386825,0.246069567,0.842387904,-1
0.479922141,0.576758298,0.581491252,0.662932909,1
0.904722238,0.025857471,0.937676879,0.816235285,1
0.609866648,0.446530978,0.047787292,0.7938776,1
0.61766639,0.646301957,0.053977659,0.469105204,-1
0.859442306,0.521202953,0.020618034,0.309524979,-1
0.805489425,0.372312661,0.681478514,0.687579248,1
0.576721516,0.937134666,0.598628527,0.986852223,-1
0.182922469,0.829532825,0.114030035,0.769933876,-1
0.239932011,0.84908548,0.796245351,0.829580847,1
0.886511933,0.37253424,0.617850587,0.706084765,-1
0.028674152,0.593184575,0.070213524,0.595336419,-1
0.489901389,0.872552565,0.069278973,0.75287412,-1
0.167927146,0.933501609,0.136007389,0.496722204,-1
0.97868065,0.668464274,0.78889132,0.865132654,-1
0.712694472,0.206776458,0.092398458,0.068027694,-1
0.500471624,0.653850592,0.237868792,0.96854594,1
0.471088375,0.072051551,0.243647913,0.098756312,-1
0.059618868,0.406726915,0.104822213,0.546977086,1
0.681971904,0.666931533,0.85835276,0.402969909,1
0.042431138,0.93372566,0.698199766,0.107040155,-1
0.071445465,0.810950032,0.733742133,0.72416617,1
0.521649842,0.484548272,0.650530624,0.613682348,1
0.096730026,0.75674921,0.516270566,0.782968193,1
0.818148554,0.417047454,0.326388135,0.566620582,-1
0.817547092,0.971785993,0.661776197,0.811319159,-1
0.722439592,0.987974701,0.117565485,0.57677586,-1
0.149865442,0.864147529,0.147817414,0.944029194,-1
0.659605253,0.388883776,0.019764664,0.871452149,1
0.518594943,0.454741828,0.96429173,0.507602208,1
0.972974555,0.246687198,0.970372902,0.788823165,1
0.648991493,0.784423093,0.123860507,0.473030641,-1
0.800330575,0.882837606,0.467410027,0.828801698,-1
0.453797709,0.913711681,0.656694003,0.322481588,-1
0.432391504,0.558284924,0.290185567,0.976146535,1
0.825313795,0.598868103,0.75453664,0.27821104,-1
0.083469815,0.14887672,0.558118051,0.072830805,1
0.133171008,0.899713485,0.427792596,0.751223606,-1
0.173388613,0.450393581,0.267194057,0.831188621,1
0.390937802,0.205672339,0.753736074,0.922338093,1
0.831379743,0.899650991,0.898376325,0.327024293,-1
0.803364392,0.762585539,0.728444034,0.804069263,-1
0.060471179,0.882486307,0.406830135,0.538250333,-1
0.399257771,0.284950218,0.93831584,0.463294879,1
0.526875831,0.673225986,0.255427455,0.820750251,1
0.416799468,0.664279904,0.533163241,0.951906506,1
0.656859891,0.122814994,0.95475487,0.076272889,1
0.627973359,0.407318423,0.267747536,0.708671064,1
0.29198408,0.275286951,0.250084621,0.234926444,-1
0.43165117,0.716669741,0.92767272,0.398895558,1
0.015487126,0.283384382,0.068582349,0.268124427,-1
0.984063724,0.896198857,0.299400387,0.832513317,-1
0.16716841,0.826578892,0.591583534,0.99537381,1
0.106216345,0.390026513,0.203299145,0.649750983,1
0.37240974,0.497902943,0.635883199,0.703952831,1
0.198118403,0.694805193,0.798370258,0.932303198,1
0.489687638,0.834369001,0.501701052,0.687652548,-1
0.339493413,0.60962969,0.650812136,0.568353919,1
0.951630465,0.574737161,0.795954986,0.380847529,-1
0.92033204,0.326042171,0.233373768,0.634579485,-1
0.052676998,0.456424601,0.600838938,0.363228621,1
0.737858096,0.713795583,0.112462378,0.407619445,-1
0.269119426,0.884405045,0.515765653,0.368699724,-1
0.422835615,0.720855671,0.837840691,0.46839876,1
0.547870901,0.018612775,0.920790108,0.503413843,1
0.942736984,0.674776467,0.498227929,0.910535782,-1
0.417744104,0.438508824,0.277611122,0.206431022,-1
0.983052466,0.437820179,0.652519961,0.338603675,-1
0.301454949,0.11703682,0.917298804,0.574125622,1
0.701098756,0.81468169,0.509839454,0.486932439,-1
0.666338852,0.324855439,0.974191484,0.262218986,1
0.539126465,0.246228114,0.197278942,0.579593463,1
0.69810552,0.342713221,0.111184984,0.878327699,1
0.666527913,0.37569214,0.297354293,0.060950222,-1
0.178132454,0.546553793,0.396418536,0.440876469,-1
0.1280144,0.561920154,0.420755683,0.084258001,-1
0.999080395,0.395822229,0.311475358,0.563237615,-1
0.171121066,0.39813088,0.693843171,0.53931058,1
0.032600821,0.515367219,0.091871833,0.7680579,1
0.561199793,0.657530542,0.402088619,0.233090272,-1
0.8818665,0.950915198,0.295180804,0.587361742,-1
0.669175305,0.722348514,0.306496779,0.458973867,-1
0.190433267,0.400079745,0.105561131,0.860981522,1
0.368916546,0.831871339,0.593827605,0.660836094,-1
0.460725937,0.134338342,0.282727516,0.353879166,-1
0.981637951,0.060466772,0.155221621,0.347186298,-1
0.156404952,0.084247052,0.000658668,0.253718102,1
0.855522806,0.163898318,0.283595417,0.952528145,1
0.644764537,0.32421992,0.550810875,0.29820099,-1
0.37627221,0.301726777,0.870902192,0.158406078,1
0.190923695,0.011680991,0.042253425,0.361297057,1
0.428252993,0.539905094,0.904721981,0.741629093,1
0.482022061,0.095372693,0.130974086,0.70590001,1
0.120611613,0.146514856,0.833728948,0.700892173,1
0.589507485,0.631141207,0.800468375,0.006225787,1
0.22618768,0.859320411,0.917880092,0.374345601,1
0.384619124,0.974221631,0.137303658,0.901495619,-1
0.582986383,0.570838427,0.504732318,0.318344828,-1
0.251806122,0.996850215,0.40495848,0.597082923,-1
0.290440664,0.553541573,0.173572162,0.297795182,-1
0.617090884,0.515458455,0.575183612,0.125014381,-1
0.26528091,0.330682066,0.606217933,0.388355669,1
0.824376267,0.430001798,0.21444574,0.817687744,-1
0.9826634,0.491806254,0.519932255,0.981175704,1
0.730248792,0.071037084,0.98918581,0.861989835,1
0.343877004,0.887739216,0.489915162,0.083820882,-1
0.584069333,0.064633591,0.694873211,0.33771199,1
0.107769015,0.436184956,0.411421827,0.236129166,-1
0.906308151,0.826629507,0.03477674,0.317805388,-1
0.879653724,0.394534684,0.292831556,0.984448405,1
0.817760559,0.613474882,0.801441738,0.548250891,-1
0.260727999,0.818640735,0.346501991,0.749251259,-1
0.594356251,0.886235039,0.083315945,0.841851735,-1
0.022512593,0.931111627,0.511106371,0.166889707,-1
0.42525932,0.190784648,0.366833408,0.903097609,1
0.312718887,0.258582251,0.739479505,0.105124128,1
0.161484744,0.897865685,0.524740164,0.745093096,-1
0.178766187,0.59336186,0.804520877,0.729371938,1
0.422885689,0.503840082,0.816911179,0.717469602,1
0.094229339,0.612809589,0.189471482,0.133431768,-1
0.598523669,0.819422242,0.123693457,0.445789,-1
0.470924256,0.531889169,0.820996479,0.508787231,1
0.695949313,0.202075097,0.63789762,0.530490291,1
0.69988785,0.453893466,0.016119802,0.859717044,1
0.638530758,0.42791092,0.895954628,0.677724911,1
0.033603836,0.96605275,0.515375057,0.805838259,-1
0.068806099,0.620055054,0.544521938,0.531242869,1
0.319599735,0.695389952,0.606442208,0.955895839,1
0.530864281,0.720164612,0.760436218,0.066676945,-1
0.654445708,0.34689519,0.855346872,0.541518027,1
0.407619197,0.516990421,0.382868448,0.281660343,-1
0.819981223,0.556694632,0.084649189,0.480900336,-1
0.718358943,0.156495219,0.733873299,0.684863781,1
0.96864933,0.562056046,0.331989333,0.208258389,-1
0.531333907,0.694803289,0.839749535,0.608160989,1
0.325145682,0.426455536,0.371723308,0.326176172,-1
0.105629203,0.836270421,0.82821527,0.880847202,1
0.610958659,0.731387066,0.176518629,0.133394613,-1
0.778802242,0.360031042,0.129519861,0.10240779,-1
0.423452919,0.454212372,0.879883582,0.959116903,1
0.090823286,0.386389899,0.044079128,0.152902,-1
0.266471491,0.775554642,0.686720018,0.152538081,-1
0.153656718,0.734271106,0.733772905,0.155552588,-1
0.281005303,0.430277845,0.437172437,0.089569403,-1
0.440085139,0.693752574,0.379838917,0.454424561,-1
0.527142742,0.945213487,0.97965744,0.668895693,1
0.457424366,0.784232598,0.398993423,0.831301682,-1
0.875371599,0.705571858,0.440186914,0.790235137,-1
0.518052108,0.10933424,0.156807888,0.712710918,1
0.943622625,0.389930657,0.326034284,0.472597505,-1
0.637709098,0.59090473,0.314061929,0.708588152,-1
0.95769394,0.459380048,0.894500664,0.958059481,1
0.240707035,0.050339987,0.247024179,0.505775562,1
0.676122304,0.228687584,0.310679016,0.305053115,-1
0.289064572,0.834189061,0.408868908,0.789811184,-1
0.671808165,0.015644693,0.708010894,0.236386964,1
0.6951405,0.863710865,0.143637595,0.234302833,-1
0.067992768,0.078069053,0.871322067,0.464699399,1
0.254790157,0.66904259,0.083155897,0.619386801,-1
0.224040031,0.500211324,0.461737838,0.6153294,1
0.667832727,0.217993799,0.030389024,0.122623902,-1
0.844392157,0.571615725,0.753200533,0.123793528,-1
0.344462411,0.122189151,0.70004267,0.284458991,1
0.780519653,0.671166233,0.214512246,0.735732807,-1
0.675332066,0.599585548,0.679904686,0.411308103,-1
0.006715314,0.055976157,0.557292681,0.828981893,1
0.602170488,0.056343019,0.850678903,0.935114116,1
0.386771195,0.152500637,0.558565492,0.399066658,1
0.915991244,0.019621067,0.901773664,0.05221138,1
0.001151057,0.435175546,0.419517704,0.571186102,1
0.462449159,0.832221475,0.358128353,0.747669976,-1
0.42434904,0.617390171,0.488987517,0.320243558,-1
0.460916366,0.520129415,0.255962141,0.492934319,-1
0.770159729,0.863868223,0.929169269,0.221652754,-1
0.322471807,0.097697918,0.466756814,0.939273743,1
0.784739295,0.908052203,0.254007851,0.482305289,-1
0.471357154,0.108016694,0.431218447,0.539996087,1
0.035762733,0.516996758,0.702530011,0.2210571,1
0.175874416,0.143156022,0.402329868,0.095945002,1
0.721758033,0.559370572,0.181840079,0.060165416,-1
0.473485993,0.004579624,0.856251116,0.819508875,1
0.1527212,0.766681999,0.584201225,0.771478305,1
0.341124607,0.848709226,0.373578783,0.195695731,-1
0.607389214,0.91682127,0.221694547,0.895118155,-1
0.191745255,0.986968275,0.218994118,0.684300146,-1
0.73842684,0.505133102,0.522232443,0.656846481,-1
0.242849598,0.271421624,0.433422713,0.990381201,1
0.917424342,0.100750512,0.741303988,0.033691793,-1
0.269061587,0.507848831,0.070449632,0.42425327,-1
0.765500017,0.585609126,0.847333436,0.489983673,1
0.188661977,0.762887096,0.679880235,0.58350447,-1
0.287498173,0.082962649,0.136651522,0.083269748,-1
0.091113464,0.661596193,0.858402189,0.66015463,1
0.576209381,0.516979015,0.199834125,0.052305221,-1
0.683363243,0.171048018,0.607339922,0.556830534,1
0.546593115,0.938557864,0.543044984,0.712025249,-1
0.425728842,0.590483177,0.162324692,0.487910625,-1
0.644442781,0.440634681,0.005653068,0.617600646,-1
0.64761763,0.94191893,0.771485147,0.213777575,-1
0.679016754,0.65591382,0.764787556,0.645658662,1
0.635786711,0.451945709,0.421069352,0.380642291,-1
0.945174113,0.839697421,0.056813181,0.10371284,-1
0.208934922,0.532623502,0.585746995,0.377511519,1
0.709281703,0.553887066,0.174155244,0.262860808,-1
0.236230577,0.68006553,0.728610661,0.241285613,1
0.119396248,0.367189905,0.53429105,0.62292405,1
0.607303941,0.239290606,0.253064288,0.522927762,-1
0.450137697,0.578923492,0.917056748,0.413237746,1
0.458725494,0.866887055,0.75819453,0.217792036,-1
0.661944752,0.40677676,0.887030732,0.858553617,1
0.770285515,0.112615141,0.068798171,0.861008253,1
0.350218013,0.443845837,0.183528196,0.283939012,-1
0.662009598,0.300184401,0.737072655,0.615392849,1
0.41615859,0.401386854,0.696714853,0.779489502,1
0.841929153,0.833363563,0.776992906,0.954847311,1
0.832916819,0.403628663,0.501903419,0.919603246,1
0.256440992,0.390175938,0.425496828,0.384815704,1
0.613460737,0.360448893,0.611237131,0.162643016,-1
0.582249165,0.140255359,0.855771891,0.79675142,1
0.540739337,0.260130194,0.670797109,0.11381718,1
0.869941032,0.086815101,0.523592045,0.158824299,-1
0.264779026,0.429397337,0.29881541,0.355828116,-1
0.318074075,0.257282785,0.703969079,0.847758564,1
0.119214541,0.297555384,0.381610876,0.582781197,1
0.93982947,0.424858412,0.567684998,0.586177665,-1
0.645551875,0.119207259,0.887860955,0.925837989,1
0.479463225,0.495066924,0.842949289,0.575078268,1
0.639316961,0.706407228,0.898798556,0.009977395,1
0.544716111,0.243573373,0.939003091,0.809377286,1
0.64731148,0.785070082,0.815435156,0.60880836,-1
0.543885934,0.074089577,0.001357829,0.47991368,-1
0.721046621,0.393883427,0.003090698,0.268440158,-1
0.522495306,0.003394123,0.087468816,0.258096384,-1
0.993704624,0.220676892,0.260727351,0.481009536,-1
0.218676632,0.001300569,0.022798671,0.227341484,1
0.105798273,0.189179671,0.424084819,0.048602298,1
0.109697465,0.142484055,0.341064969,0.169241815,1
0.063591371,0.268075999,0.541353933,0.258446308,1
0.404579996,0.174892065,0.926169083,0.197910058,1
0.448372912,0.138648972,0.298499447,0.605693064,1
0.365816177,0.59888561,0.338084794,0.823703645,1
0.763504641,0.901057906,0.859480107,0.810614963,-1
0.62789638,0.939379766,0.340478311,0.802237016,-1
0.771980386,0.221184456,0.138120403,0.708113376,-1
0.93285357,0.482671375,0.507798955,0.859377854,-1
0.972740854,0.376011116,0.856656477,0.781084518,1
0.192028349,0.523780037,0.384313618,0.203796851,-1
0.138874203,0.264872594,0.695690927,0.99334325,1
0.696266337,0.06835722,0.627904178,0.093624528,-1
0.093820027,0.436327077,0.450388154,0.650618544,1
0.525404404,0.173853037,0.473617942,0.215176526,-1
0.530344218,0.026107108,0.949706354,0.243873102,1
0.861139811,0.954678274,0.083497562,0.339687805,-1
0.484853334,0.43059652,0.27982892,0.197862341,-1
0.393456361,0.961558573,0.447007309,0.506833377,-1
0.67143114,0.762414484,0.587571264,0.950757983,1
0.741257943,0.007348661,0.877634138,0.394607218,1
0.520052467,0.68003864,0.46910052,0.58446484,-1
0.347712671,0.705950754,0.437418476,0.606537246,-1
0.149997254,0.645128787,0.74618494,0.714642867,1
0.586092067,0.552309845,0.467910466,0.401536354,-1
0.262145318,0.21810873,0.860827351,0.858691022,1
0.044454092,0.772366214,0.466512012,0.920484982,1
0.754933267,0.228028324,0.498104487,0.750838889,1
0.242785358,0.370864719,0.487430654,0.285591705,1
0.442402313,0.890928821,0.229468775,0.796815788,-1
0.687796085,0.856376908,0.085552232,0.14276583,-1
0.35922821,0.40243355,0.067383314,0.504550191,-1
0.736340074,0.318019117,0.888390935,0.610687951,1
0.394707475,0.608635431,0.233167686,0.703796735,1
0.683415867,0.910195227,0.86159576,0.383339931,-1
0.70404743,0.909098188,0.711735093,0.728683437,-1
0.442305413,0.591594409,0.872812993,0.88728468,1
0.019577624,0.332571407,0.938002007,0.055848321,1
0.33085788,0.853063629,0.139689279,0.138216343,-1
0.424309497,0.442397893,0.393900145,0.863064979,1
0.270270423,0.904355478,0.98056283,0.421746483,1
0.197053798,0.033179406,0.644794026,0.411314175,1
0.821721185,0.532426483,0.896409779,0.959141341,1
0.429921409,0.716497347,0.482230405,0.750245293,-1
0.887770954,0.179301844,0.014093075,0.980997114,1
0.391182995,0.336532926,0.622880344,0.233515806,1
0.769114387,0.187712949,0.231095363,0.096226761,-1
0.396791517,0.321927183,0.527433963,0.384582199,1
0.808514096,0.403856711,0.724991961,0.500272551,-1
0.755077099,0.5485663,0.607415791,0.570255869,-1
0.377395545,0.048738593,0.588366446,0.976631597,1
0.216018916,0.552732133,0.43343484,0.492855181,-1
0.790407218,0.274811405,0.244172894,0.400882866,-1
0.949303912,0.241501742,0.428960354,0.994990262,1
0.327565434,0.243145179,0.010177456,0.260998008,-1
0.67126437,0.154159449,0.608821449,0.665324711,1
0.438644983,0.956416361,0.957975188,0.964256616,1
0.833500596,0.935661376,0.095446524,0.671151036,-1
0.768854252,0.818714437,0.035590563,0.299174856,-1
0.167253545,0.728261848,0.886235111,0.531126527,1
0.861980479,0.175811728,0.246941365,0.001463175,-1
0.989872154,0.360370977,0.008915056,0.883788809,-1
0.514423457,0.188789973,0.814920271,0.404383857,1
0.884281023,0.001198397,0.140499437,0.301205587,-1
0.588026055,0.316419514,0.87986644,0.950581591,1
0.154752349,0.699616986,0.095376786,0.460648193,-1
0.199862823,0.62525518,0.352560101,0.287647511,-1
0.406954837,0.543062175,0.593420568,0.084626639,-1
0.748705718,0.439037203,0.585181638,0.582181335,-1
0.825583816,0.287427267,0.667681764,0.153068697,-1
0.78996303,0.501659107,0.648027115,0.073094306,-1
0.318524245,0.761546186,0.433369067,0.580564777,-1
0.534064127,0.762408049,0.139758759,0.287014752,-1
0.089950679,0.576055901,0.751929508,0.361920084,1
0.111705744,0.747662838,0.241786794,0.724824694,-1
0.136292549,0.645534506,0.650459322,0.858311678,1
0.678652305,0.123219518,0.857374061,0.347915687,1
0.495177019,0.50439786,0.084370471,0.961745605,1
0.189710406,0.347261313,0.972089162,0.953569052,1
0.495005825,0.092147685,0.031459936,0.206037377,-1
0.147608222,0.147849468,0.83540455,0.768244859,1
0.054974147,0.198169701,0.835713348,0.61553188,1
0.850712674,0.672270237,0.049857501,0.918922487,-1
0.560559527,0.431511183,0.545886209,0.602537261,1
0.929608867,0.69440391,0.94316984,0.702138228,1
0.696667201,0.256784563,0.32147307,0.743674955,1
0.582790965,0.00975865,0.806466804,0.385102277,1
0.815397211,0.532283071,0.601398755,0.251503789,-1
0.879013905,0.279391965,0.789620465,0.036759737,-1
0.988911616,0.946230154,0.799185035,0.472122874,-1
0.000522375,0.906443267,0.049564766,0.645072328,-1
0.865438591,0.392684576,0.283198634,0.27896994,-1
0.612566469,0.024855234,0.653456824,0.51786091,1
0.989950206,0.671436797,0.489655345,0.245666639,-1
0.527680069,0.837170635,0.972852237,0.297508174,1
0.479523385,0.971499638,0.74848991,0.650474093,-1
0.801347606,0.056932885,0.56784115,0.891393306,1
0.227842936,0.450323813,0.298964163,0.861106467,1
0.498094291,0.582470302,0.256109781,0.209915077,-1
0.900852489,0.686637814,0.886563794,0.399093912,-1
0.574661219,0.719432753,0.446800863,0.887883023,1
0.845178185,0.650040752,0.815987253,0.256528012,-1
0.738640292,0.726914551,0.098337302,0.966801604,1
0.585987036,0.373847666,0.859593453,0.619157353,1
0.246734526,0.581582083,0.027629008,0.165345767,-1
0.666416217,0.116118513,0.899156434,0.826199029,1
0.083482814,0.057654361,0.899935501,0.655693101,1
0.625959785,0.979765224,0.52410601,0.546452584,-1
0.660944558,0.284823727,0.120199513,0.251329283,-1
0.729751855,0.594974299,0.177794092,0.040156385,-1
0.890752116,0.962161031,0.706107595,0.233375413,-1
0.982303223,0.185778263,0.831359756,0.361112936,-1
0.769029085,0.193039816,0.034833821,0.633455035,-1
0.581446488,0.341644105,0.75783871,0.986098096,1
0.928313062,0.932897896,0.957112178,0.207156646,-1
0.580090366,0.390667537,0.342870515,0.757083942,1
0.016982938,0.273216708,0.638243709,0.88632811,1
0.120859571,0.15194708,0.343005812,0.472229859,1
0.862710719,0.397108843,0.216471396,0.158913526,-1
0.484296511,0.374722467,0.786200627,0.810920786,1
0.844855675,0.131114707,0.72308996,0.476507753,-1
0.209405084,0.435040718,0.278838905,0.116287532,-1
0.552291342,0.091513167,0.582431429,0.875720613,1
0.629883385,0.614626958,0.421005781,0.635186379,-1
0.031991016,0.010979092,0.092068707,0.097281349,1
0.614713419,0.573260383,0.024027325,0.908439456,1
0.362411462,0.789729858,0.491145804,0.035016022,-1
0.049532579,0.235366773,0.27826702,0.039749694,1
0.489569989,0.448019713,0.339757164,0.988567891,1
0.192510396,0.569358183,0.28734961,0.686181598,1
0.123083748,0.061401442,0.170903235,0.376689193,1
0.205494171,0.496288886,0.399263314,0.504324253,1
0.146514911,0.642315235,0.697649568,0.763495679,1
0.189072174,0.22126573,0.203676437,0.048874797,-1
0.042652411,0.837056446,0.666326488,0.725927657,-1
0.635197917,0.971075231,0.443066089,0.701328059,-1
0.281866856,0.846372888,0.433295266,0.458890826,-1
0.538596678,0.505999456,0.175239442,0.582294809,-1
0.695163039,0.278875611,0.193202312,0.339089801,-1
0.499116013,0.746617222,0.616421332,0.170625414,-1
0.535801056,0.236930384,0.269010608,0.399193404,-1
0.445183165,0.957345282,0.559677932,0.919777195,-1
0.123932278,0.620260036,0.944783992,0.226045437,1
0.490357293,0.600262146,0.714471636,0.361006696,1
0.852998155,0.172604502,0.679219655,0.324562013,-1
0.873927406,0.090346738,0.959380581,0.083582114,1
0.270294332,0.255262203,0.775334312,0.512665534,1
0.208461359,0.858570531,0.607726966,0.832864825,-1
0.564979571,0.911067053,0.948002359,0.904613499,1
0.640311825,0.699633767,0.059641624,0.723595912,-1
0.417028952,0.725182355,0.268712345,0.382995824,-1
0.205975516,0.229886079,0.986680044,0.298017056,1
0.947933121,0.576053456,0.772206732,0.691711636,-1
0.082071207,0.810628105,0.4753543,0.880456927,1
0.105709427,0.403843368,0.680899556,0.924548308,1
0.142041122,0.988439267,0.416934755,0.081252775,-1
0.166460441,0.089998815,0.380149203,0.482673015,1
0.620958644,0.320941033,0.213270389,0.128265056,-1
0.573709765,0.511408939,0.382937989,0.252911159,-1
0.05207789,0.060606367,0.029667752,0.883961535,1
0.931201385,0.725687924,0.472321065,0.196276913,-1
0.728661682,0.556555749,0.333372687,0.121353655,-1
0.737841654,0.529359902,0.975844804,0.543694993,1
0.063404501,0.829982432,0.555443539,0.314620748,-1
0.860440563,0.858759034,0.846303638,0.382040915,-1
0.934405119,0.789028923,0.408063494,0.791539263,-1
0.984398312,0.317833054,0.462018164,0.83917948,-1
0.858938817,0.452207454,0.826306721,0.680236386,1
0.785558989,0.75222797,0.9912032,0.416922007,1
0.513377419,0.109861706,0.523947649,0.642889808,1
0.177602461,0.109742369,0.92543689,0.214081452,1
0.398589497,0.269883664,0.739021862,0.617270806,1
0.133931251,0.524637345,0.567430056,0.675191146,1
0.030889549,0.972651077,0.968777663,0.601023485,1
0.939141706,0.710408685,0.82449942,0.346309504,-1
0.301306065,0.311859945,0.959609279,0.364401368,1
0.295533834,0.291457128,0.646346065,0.171481077,1
0.332936282,0.850357337,0.379573485,0.795361568,-1
0.467068187,0.911647424,0.476574681,0.492666912,-1
0.648198406,0.639276147,0.911889813,0.354622855,1
0.025228181,0.255370298,0.014853856,0.7750612,1
0.842206612,0.08866584,0.156693847,0.236804807,-1
0.559032545,0.838255588,0.471567877,0.844833449,-1
0.854099949,0.584718619,0.542991695,0.816526971,-1
0.347879194,0.948108735,0.059691032,0.846228364,-1
0.446026648,0.061028929,0.658030306,0.370186851,1
0.054239484,0.584641303,0.889635303,0.383229532,1
0.177107534,0.285108086,0.109632606,0.861334748,1
0.662808062,0.827732173,0.437773114,0.463909193,-1
0.330828995,0.190986441,0.28023009,0.57054822,1
0.898486138,0.442529962,0.985246312,0.695306809,1
0.118155198,0.393411506,0.608758707,0.960917273,1
0.988417929,0.826573979,0.253749207,0.546312979,-1
0.539982099,0.676871093,0.132614727,0.636576573,-1
0.706917419,0.207603034,0.545004891,0.570892489,1
0.99949162,0.318104726,0.827803931,0.927112147,1
0.287849345,0.133810985,0.837006271,0.86376557,1
0.414522539,0.671462889,0.833348647,0.169839251,1
0.464839942,0.570991075,0.203715434,0.178699029,-1
0.763957078,0.169767066,0.544417699,0.243504368,-1
0.818204039,0.147655777,0.874942722,0.751779355,1
0.10022154,0.476079718,0.121000086,0.199134375,-1
0.178116954,0.908102417,0.856350769,0.982940512,1
0.359634913,0.552175027,0.899776019,0.709638702,1
0.056704689,0.032939893,0.217865124,0.175436146,1
0.521885674,0.053862926,0.076979085,0.858297392,1
0.335848975,0.805063229,0.47421516,0.909411483,1
0.17566903,0.451374855,0.835027466,0.96166308,1
0.208946674,0.38264623,0.469393502,0.570599704,1
0.905153559,0.789643704,0.413769939,0.56287923,-1
0.675391177,0.364286869,0.502746264,0.176661205,-1
0.4684682,0.532349935,0.12543996,0.51367906,-1
0.912132474,0.711656706,0.132285325,0.548471916,-1
0.104011575,0.871476518,0.870475365,0.165277443,-1
0.745546074,0.328689612,0.602950181,0.493893039,-1
0.736267456,0.650118025,0.265301726,0.535117267,-1
0.561861425,0.974836148,0.86480258,0.19880716,-1
0.184194098,0.075967361,0.058109458,0.623168912,1
0.59721135,0.587019167,0.457753885,0.026315394,-1
0.29993699,0.413886498,0.722209644,0.318790961,1
0.134122933,0.309136426,0.338999152,0.532999534,1
0.212601533,0.263834042,0.401219857,0.326773737,1
0.894941675,0.758766265,0.526979752,0.602190441,-1
0.071452813,0.995215981,0.894235714,0.361932727,-1
0.242486559,0.186571444,0.778360658,0.134920637,1
0.053754392,0.781145269,0.069367603,0.913813504,1
0.441722057,0.195797981,0.278784529,0.640558837,1
0.0132832,0.992358973,0.379369835,0.658774142,-1
0.897191351,0.80226157,0.864672546,0.675330331,-1
0.196658191,0.42422671,0.419960369,0.744557714,1
0.093370517,0.728863868,0.239877473,0.842177573,1
0.3073669,0.498353583,0.597654516,0.516657168,1
0.456057667,0.808990267,0.479404404,0.151868701,-1
0.101669394,0.356508933,0.898547502,0.380664274,1
0.995389728,0.073243434,0.934709238,0.821019401,1
0.332092833,0.590991455,0.817886834,0.171364379,1
0.297346816,0.910187831,0.708908979,0.329975281,-1
0.062045221,0.193765936,0.74322057,0.966471987,1
0.298243972,0.432367792,0.899709783,0.806292597,1
0.046351265,0.749159729,0.065239805,0.22218793,-1
0.505428142,0.039184487,0.335911171,0.999773123,1
0.761425887,0.94632499,0.004335073,0.063738697,-1
0.631069999,0.763673324,0.828095603,0.425483118,-1
0.089891651,0.558820551,0.507435377,0.404338152,-1
0.080862423,0.183842944,0.366162436,0.400292884,1
0.777240537,0.497948815,0.226639718,0.111922644,-1
0.905134744,0.5178456,0.53483171,0.424310773,-1
0.533771952,0.994243011,0.289484866,0.613545883,-1
0.109154212,0.854851683,0.068370897,0.988061286,1
0.825808858,0.96240394,0.084970746,0.219900779,-1
0.338097719,0.678941009,0.068339468,0.354081078,-1
0.293973053,0.403501389,0.409816499,0.266241879,-1
0.746313428,0.934979086,0.123381382,0.291498034,-1
0.010336618,0.479484546,0.443016593,0.188389542,-1
0.048447339,0.231791612,0.898939737,0.022859624,1
0.667916122,0.396290249,0.353639002,0.449404182,-1
0.603467984,0.705077475,0.12017812,0.243640193,-1
0.526102466,0.558559035,0.569111025,0.868726545,1
0.729709448,0.756630701,0.875032726,0.528610767,-1
0.707253485,0.995481059,0.348574977,0.914135168,-1
0.781377052,0.962431404,0.041921005,0.973930177,-1
0.287976976,0.535067105,0.142339719,0.585425959,-1
0.692531986,0.96387013,0.076592835,0.118975383,-1
0.556669835,0.115625879,0.740526589,0.926532589,1
0.396520793,0.051448293,0.456525127,0.593560772,1
0.061590667,0.304348946,0.668249315,0.883615305,1
0.780175531,0.580191833,0.699246076,0.424475931,-1
0.337583864,0.530964452,0.571357212,0.607257386,1
0.607865907,0.901208093,0.628693342,0.070763582,-1
0.74125405,0.540550425,0.877763925,0.924772431,1
0.104813242,0.431980611,0.66235174,0.642079416,1
0.12788838,0.542666987,0.875413612,0.104499668,1
0.549540107,0.712414806,0.467517019,0.700225074,-1
0.485229409,0.016674713,0.141336028,0.395804329,-1
0.890475679,0.800920882,0.068134457,0.084904751,-1
0.798960279,0.142509325,0.714242407,0.214478868,-1
0.734341084,0.478474473,0.307986028,0.248798898,-1
0.051331886,0.256835354,0.671163972,0.226653137,1
0.072885299,0.369091689,0.652420835,0.703004391,1
0.08852746,0.661764913,0.531048838,0.754152585,1
0.798350864,0.169608813,0.715107032,0.547286634,1
0.94300814,0.27878402,0.504810623,0.55348342,-1
0.683715572,0.198221795,0.487999359,0.630572792,1
0.132082956,0.195071533,0.497838309,0.985456951,1
0.72272454,0.326839648,0.935975553,0.634278203,1
0.110353481,0.88033786,0.389281683,0.600455613,-1
0.117492852,0.471101865,0.117145166,0.909186957,1
0.640717923,0.403969372,0.240423554,0.570836634,-1
0.328814215,0.179231476,0.684908495,0.335419921,1
0.653812023,0.968924996,0.839253615,0.957139158,1
0.749131463,0.407455738,0.970144633,0.439923122,1
0.583185731,0.844487396,0.215169613,0.601542594,-1
0.740032328,0.615325097,0.760343346,0.720262362,1
0.234826915,0.376611078,0.58410285,0.678778342,1
0.734957542,0.877181749,0.402951578,0.21275901,-1
0.970598525,0.784852427,0.510040338,0.081623375,-1
0.866930292,0.464954283,0.495644219,0.274479408,-1
0.08623453,0.813976927,0.651368343,0.867518386,1
0.366436616,0.898444137,0.743706145,0.559357067,-1
0.369198804,0.429238543,0.301953469,0.464627771,-1
0.685028473,0.33432942,0.089611935,0.430300901,-1
0.597941635,0.596647104,0.825965482,0.77398592,1
0.789363944,0.901990809,0.389587009,0.653920421,-1
0.367652918,0.702066449,0.775304853,0.657729272,1
0.20602786,0.377455102,0.179369095,0.161020905,-1
0.086666547,0.734955925,0.10936121,0.432376827,-1
0.771933917,0.954102786,0.905158338,0.505086084,-1
0.205674521,0.542813113,0.876351004,0.375332281,1
0.388271631,0.540105832,0.999792564,0.480372228,1
0.551778532,0.31110964,0.864254686,0.342421403,1
0.228953252,0.071234572,0.036877522,0.77714644,1
0.64194062,0.181980467,0.544682442,0.383943862,-1
0.484480372,0.092988927,0.997616182,0.711556427,1
0.151845525,0.463489248,0.511008154,0.480933407,1
0.781931967,0.009332512,0.873512176,0.729180222,1
0.100606322,0.915025912,0.070221472,0.937559239,-1
0.294066334,0.642741739,0.987538737,0.517254403,1
0.23737302,0.001419058,0.92271343,0.903068749,1
0.530872257,0.030385272,0.56426092,0.218192642,1
0.091498731,0.208470223,0.431462054,0.87321934,1
0.40531542,0.454966145,0.337844565,0.082692932,-1
0.104846247,0.127266033,0.720723428,0.465403417,1
0.112283962,0.008647688,0.013655567,0.021929823,-1
0.784427891,0.727079601,0.374060193,0.80828055,-1
0.291570318,0.354116466,0.92268522,0.179209501,1
0.603533439,0.780445946,0.546479648,0.165392247,-1
0.964422667,0.436656642,0.47388687,0.181603467,-1
0.432484994,0.436554782,0.496537318,0.691436563,1
0.694752195,0.04921318,0.308971081,0.213763519,-1
0.758099275,0.049631902,0.950837559,0.29810486,1
0.432642326,0.091100175,0.981993281,0.768335147,1
0.65549804,0.594037031,0.513563104,0.501150095,-1
0.109755051,0.241084055,0.992589818,0.909464807,1
0.933759848,0.841369102,0.455843702,0.057852903,-1
0.187460806,0.857212764,0.426040881,0.436751928,-1
0.266178839,0.963612201,0.213214779,0.572254746,-1
0.79783026,0.488899786,0.19324948,0.56506716,-1
0.487603775,0.220310101,0.832754246,0.823816567,1
0.768958264,0.226208641,0.7266371,0.126098827,-1
0.396006745,0.536787805,0.529745694,0.300116778,-1
0.272938794,0.762109709,0.829080737,0.002122025,1
0.037234634,0.34756715,0.511874431,0.951107358,1
0.673294914,0.461231759,0.551961846,0.766299363,1
0.429564459,0.639323762,0.213284894,0.751304162,1
0.451739235,0.917336041,0.587820626,0.138864837,-1
0.609857169,0.161572574,0.142763225,0.349319543,-1
0.059403297,0.715635404,0.052223528,0.15134056,-1
0.315811438,0.577738876,0.683307915,0.496720678,1
0.772722131,0.433298977,0.608559478,0.808652253,1
0.696432989,0.884242783,0.219655935,0.632868793,-1
0.125332181,0.393051755,0.406279942,0.688401498,1
0.13015145,0.178975153,0.629907945,0.639570218,1
0.092352339,0.63333358,0.555307625,0.729321726,1
0.007820294,0.624000554,0.127579062,0.859845708,1
0.423109385,0.327941597,0.169198332,0.626955379,1
0.655573175,0.802965316,0.000999418,0.180591373,-1
0.722922525,0.999477859,0.418162471,0.573306546,-1
0.531209294,0.980978161,0.488485679,0.163566156,-1
0.108817938,0.127036942,0.159868843,0.906051736,1
0.631766374,0.232240146,0.666838577,0.077342785,1
0.126499865,0.023632467,0.017920369,0.33853465,1
0.134303304,0.60743261,0.119675357,0.580617547,-1
0.098594093,0.110809321,0.952125309,0.475235157,1
0.142027248,0.407459508,0.975853971,0.805320486,1
0.168251298,0.884076807,0.030914539,0.530778141,-1
0.196248922,0.548132777,0.493881844,0.227310332,-1
0.317479775,0.369003077,0.862722128,0.709484975,1
0.316428999,0.208345983,0.242876166,0.148632553,-1
0.217563309,0.440943277,0.834270164,0.658116181,1
0.251041846,0.956196152,0.813591192,0.633982548,-1
0.892922405,0.124025917,0.628973104,0.229306251,-1
0.703223225,0.470763246,0.002238199,0.182228015,-1
0.555737943,0.856896328,0.37972394,0.166352508,-1
0.184433668,0.043390472,0.904405696,0.149607092,1
0.212030843,0.691625145,0.680351665,0.202747398,-1
0.077346808,0.978985467,0.378823131,0.954958902,-1
0.913800411,0.283267898,0.631954711,0.015908339,-1
0.706715218,0.1337805,0.243269522,0.95751435,1
0.557788967,0.685279684,0.571413072,0.025692285,-1
0.31342899,0.909454556,0.981728774,0.971110663,1
0.166203563,0.610868982,0.849682019,0.297595677,1
0.622497259,0.899982796,0.283444186,0.525073079,-1
0.987934735,0.193433752,0.682457664,0.862339211,1
0.170432023,0.754424581,0.358124531,0.896404903,1
0.257792251,0.346260717,0.98692677,0.189010555,1
0.396799319,0.418625414,0.083986296,0.660719557,1
0.07399477,0.15571983,0.250305886,0.941230938,1
0.684096067,0.819000584,0.811346615,0.975707126,1
0.402388333,0.624923528,0.084423104,0.107935253,-1
0.982835201,0.738560422,0.531253964,0.178899228,-1
0.402183985,0.805112421,0.800622979,0.746551427,1
0.620671947,0.067222658,0.738823242,0.049468523,1
0.154369805,0.950790317,0.14166298,0.071284882,-1
0.381345204,0.497577011,0.437894258,0.48912552,-1
0.161133972,0.755145905,0.350380372,0.849893821,1
0.758112431,0.742405071,0.478497497,0.997041444,1
0.871111122,0.831129576,0.5874034,0.004392613,-1
0.350776745,0.156501847,0.145805695,0.542607464,1
0.685535709,0.457308721,0.905330607,0.861348176,1
0.294148634,0.618100496,0.640194248,0.909139024,1
0.530629304,0.932183355,0.162939571,0.845350562,-1
0.832423386,0.835088236,0.565910591,0.878872885,-1
0.597490192,0.895423516,0.931616137,0.746182238,1
0.335311331,0.582518525,0.783101884,0.11748938,1
0.299225023,0.582746806,0.685687137,0.509022257,1
0.452592542,0.854925939,0.466219285,0.168831764,-1
0.422645653,0.0348657,0.260318096,0.831111503,1
0.359606318,0.885420095,0.569268171,0.928010857,1
0.5583192,0.407730811,0.248770663,0.169484429,-1
0.742545366,0.03638203,0.319301592,0.88373732,1
0.424334784,0.746147943,0.910802232,0.387862895,1
0.429355789,0.154828771,0.885220041,0.38256946,1
0.124872759,0.143908329,0.794589424,0.271452924,1
0.024434016,0.605959053,0.925809807,0.867883143,1
0.290185265,0.254480844,0.178839951,0.741502457,1
0.317520583,0.324154205,0.517541148,0.44787273,1
0.653690134,0.401790918,0.627005316,0.709638858,1
0.956935924,0.406373321,0.913182346,0.944331283,1
0.935730873,0.386191139,0.663968254,0.174117873,-1
0.457886334,0.609801824,0.389192823,0.244596284,-1
0.240478397,0.166890723,0.740007581,0.640929124,1
0.763897944,0.188092073,0.81763486,0.80861251,1
0.759327383,0.09462887,0.600344793,0.853371006,1
0.740648065,0.323186273,0.084997065,0.398117647,-1
0.743688341,0.769596929,0.922358001,0.115493809,-1
0.105920417,0.234118002,0.053597815,0.080280952,-1
0.68156043,0.74036547,0.527024953,0.36046762,-1
0.463260579,0.692818414,0.118853277,0.82890555,1
0.212163205,0.824078213,0.38014299,0.214609706,-1
0.098518738,0.827977549,0.812832533,0.791040324,1
0.823574474,0.293367934,0.244095916,0.654688314,-1
0.175009737,0.309369242,0.884422659,0.026146448,1
0.16356991,0.523029798,0.712646795,0.785776286,1
0.665987216,0.325298992,0.378148438,0.922563045,1
0.894389375,0.83184251,0.248919611,0.492313131,-1
0.516558208,0.810294791,0.252853745,0.834011655,-1
0.702702307,0.556998261,0.767243595,0.131353685,-1
0.153590377,0.262964034,0.049861885,0.759783471,1
0.95345707,0.680566202,0.685288568,0.925736181,-1
0.540884081,0.233653145,0.620278122,0.832707574,1
0.679733898,0.456425365,0.74668463,0.259401161,1
0.036563018,0.384566895,0.977255648,0.213021767,1
0.809203851,0.538601439,0.383913513,0.522314782,-1
0.748618872,0.991703721,0.260205602,0.397357101,-1
0.120187018,0.755220402,0.877469536,0.479109783,1
0.525045165,0.980454849,0.806095984,0.99390364,1
0.325833629,0.234782641,0.46112108,0.604478458,1
0.54644944,0.528559089,0.090961688,0.944908646,1
0.398880752,0.051436054,0.564268825,0.490442215,1
0.415093387,0.756875471,0.187382889,0.43794656,-1
0.18073776,0.601979766,0.531689586,0.772655572,1
0.25538674,0.857168709,0.355033322,0.744066567,-1
0.020535775,0.988277139,0.314783505,0.442904068,-1
0.923675613,0.929484472,0.726741469,0.053000053,-1
0.653699889,0.409514933,0.515772858,0.087821844,-1
0.932613572,0.000341462,0.790644898,0.797985958,1
0.163512369,0.540878323,0.204492581,0.655582373,1
0.921097256,0.207730622,0.678106078,0.032335553,-1
0.794657885,0.219283588,0.052485543,0.55706683,-1
0.577394197,0.325806263,0.801172362,0.719801555,1
0.440035596,0.095949417,0.678568639,0.110408049,1
0.257613737,0.747533662,0.946008945,0.216647376,1
0.751946394,0.748508957,0.091558143,0.811020216,-1
0.228669482,0.543299433,0.908438371,0.138661883,1
0.064187087,0.338132317,0.509953037,0.881899201,1
0.767329511,0.832333662,0.614903565,0.923556062,-1
0.671202185,0.552572178,0.316071201,0.012755563,-1
0.715212515,0.957543117,0.077487482,0.377159253,-1
0.642060828,0.892833319,0.850614066,0.167811689,-1
0.419048294,0.356503617,0.144526907,0.540222796,1
0.390762082,0.546401893,0.370485793,0.101662435,-1
0.816140103,0.346681751,0.622391433,0.039267746,-1
0.317427864,0.622802791,0.997551902,0.933229112,1
0.814539773,0.796624685,0.517344133,0.971591883,-1
0.789073515,0.745874902,0.990511215,0.36092802,1
0.85226389,0.125536231,0.226534463,0.644205404,-1
0.505636618,0.822394007,0.398005186,0.067947302,-1
0.635661389,0.025150501,0.69656869,0.207911996,1
0.950894415,0.414428881,0.064640759,0.039603847,-1
0.443964155,0.731407468,0.747661582,0.469359313,-1
0.06001882,0.781374,0.420400431,0.150096723,-1
0.866749897,0.367285915,0.81131742,0.991306921,1
