0.947438263,0.577580061,0.666265239,0.14268792,-1
0.811088418,0.932196093,0.726158176,0.654226632,1
0.710455693,0.10687278,0.334042555,0.218319595,-1
0.970245562,0.732149759,0.522772766,0.119131929,-1
0.998426789,0.970522787,0.273354366,0.043137101,-1
0.987454807,0.608885539,0.718379028,0.165558181,-1
0.150086578,0.719665612,0.778017556,0.511105904,1
0.958478804,0.302752326,0.08106422,0.867268019,1
0.530459049,0.459022394,0.22158014,0.766260738,1
0.074086517,0.048028613,0.203959494,0.134950924,-1
0.311820904,0.385352105,0.624099306,0.064920678,-1
0.89517078,0.36171638,0.725205116,0.672444952,-1
0.834768312,0.287584055,0.834364188,0.482206925,-1
0.002348756,0.816712736,0.018895382,0.495417913,1
0.640209846,0.450528095,0.202117632,0.313483665,1
0.803182575,0.80663252,0.469092962,0.32350097,1
0.245130755,0.790172935,0.378395182,0.909101314,1
0.064122232,0.282957873,0.340393734,0.450336624,1
0.263148319,0.068309239,0.063851185,0.7486358,1
0.102720361,0.054930728,0.761335934,0.185253329,-1
0.483719025,0.637522639,0.402662086,0.08492202,-1
0.418884463,0.424285581,0.674289716,0.207029204,-1
0.381289008,0.905531348,0.551075659,0.558915662,1
0.886765115,0.417320884,0.051457167,0.661700437,1
0.420557515,0.154058328,0.307495938,0.939213156,1
0.283847869,0.539999264,0.965444767,0.040245374,-1
0.048181144,0.937091368,0.93147515,0.163658499,1
0.219165983,0.660955065,0.378026727,0.438123344,1
0.239176014,0.394657442,0.617670192,0.325667604,1
0.029258487,0.258990542,0.562533391,0.089932362,-1
0.702310918,0.84791216,0.83056071,0.810319636,1
0.007635555,0.945056075,0.957698739,0.399558975,1
0.61092068,0.376999837,0.075505653,0.6553143,1
0.408089537,0.067280185,0.888024397,0.566843498,-1
0.248946675,0.181581769,0.562447292,0.003121864,-1
0.652459724,0.575747615,0.194355125,0.651351481,1
0.320277088,0.185885032,0.221452791,0.317097344,1
0.103672124,0.291448356,0.705763049,0.265933837,-1
0.535564895,0.461664107,0.596761436,0.460448203,1
0.164870242,0.346977441,0.586296073,0.62316094,1
0.883438702,0.318165717,0.968494148,0.801853431,-1
0.666457012,0.45991458,0.581743425,0.561164119,1
0.847742492,0.23589492,0.099800291,0.02480409,-1
0.762661064,0.027752038,0.166602822,0.793540436,1
0.807013775,0.658453456,0.102093795,0.273088823,1
0.632952444,0.158803563,0.146247105,0.822911344,1
0.710427308,0.802662601,0.671564767,0.688554783,1
0.688663539,0.408579772,0.639853182,0.603902452,-1
0.320947861,0.327391879,0.372435452,0.386950094,1
0.531648495,0.746014729,0.162872966,0.065535338,1
0.873193958,0.74635192,0.389518808,0.998593388,1
0.054539674,0.173954964,0.799976566,0.661043898,1
0.500400776,0.117544802,0.3997937,0.2291723,-1
0.432763215,0.174037524,0.755119085,0.092254576,-1
0.904282492,0.627409164,0.295210412,0.240978662,-1
0.630183351,0.841890256,0.640005911,0.902569662,1
0.983036222,0.510082855,0.885117154,0.217347989,-1
0.58520034,0.165763744,0.209643323,0.479522753,-1
0.840636518,0.714305282,0.480356488,0.909228263,1
0.468813781,0.907037296,0.112987559,0.193782442,1
0.54522233,0.218537741,0.13236964,0.447987606,1
0.179104121,0.870961448,0.064002257,0.617800086,1
0.634461697,0.211835944,0.079297395,0.594213033,1
0.962958775,0.83666494,0.626954164,0.665877219,1
0.534013751,0.859301689,0.411333966,0.267680191,1
0.479614252,0.523377473,0.638589686,0.423867183,1
0.793666083,0.477362794,0.856556963,0.799323797,-1
0.092713719,0.889883133,0.763575033,0.93231283,1
0.880799543,0.0650762,0.976160296,0.469719097,-1
0.003873536,0.509456125,0.781537245,0.306303387,1
0.511529092,0.620797947,0.935583204,0.439371832,-1
0.678463634,0.73356744,0.739152167,0.306860041,-1
0.565747647,0.229996231,0.253619768,0.275012974,-1
0.478458647,0.021871876,0.719250285,0.138747386,-1
0.320512844,0.13898889,0.693512616,0.166547469,-1
0.601579798,0.769507447,0.773318951,0.493947393,1
0.913152742,0.969765181,0.747217086,0.086583511,-1
0.682517817,0.386794416,0.318383667,0.926838908,1
0.946733471,0.99342779,0.510430957,0.14847625,-1
0.099089009,0.326393468,0.773066476,0.160479198,-1
0.511028924,0.137161036,0.572815526,0.717723588,1
0.11012834,0.38475363,0.953850335,0.674894462,1
0.545261877,0.562635833,0.171572304,0.358519543,1
0.688785899,0.633835427,0.907235095,0.090457904,-1
0.147416988,0.541606385,0.752219423,0.008248045,-1
0.777561038,0.314993424,0.286175232,0.372779032,-1
0.399051233,0.159326723,0.627410343,0.788307139,1
0.898299948,0.152616234,0.462827923,0.447286057,-1
0.307043874,0.136950774,0.129439245,0.099624683,-1
0.061051146,0.709803116,0.549384663,0.805831138,1
0.219471144,0.464864466,0.969509323,0.659454985,1
0.082832937,0.113271183,0.44214049,0.452364093,1
0.950395335,0.700878852,0.59096393,0.533362361,-1
0.016370661,0.179986137,0.110970247,0.526664737,1
0.114668433,0.80366808,0.199852291,0.629681059,1
0.012409946,0.513956105,0.162964103,0.646564431,1
0.216227329,0.548438362,0.036877427,0.191830732,1
0.011427529,0.207844759,0.272724664,0.801732063,1
0.642449266,0.784588875,0.23013359,0.19657099,1
0.51699094,0.526489633,0.358544689,0.411293638,1
0.245542144,0.571023364,0.134342699,0.235693362,1
0.19374734,0.422040759,0.998594597,0.272205438,-1
0.090870578,0.72115631,0.513520855,0.008668494,1
0.368441665,0.073138311,0.387846305,0.928280818,1
0.007792911,0.594861918,0.249852758,0.520219495,1
0.602701319,0.861977364,0.364752426,0.464125608,1
0.478854744,0.448801061,0.399057541,0.523529729,1
0.308117689,0.65257739,0.92630076,0.336812107,1
0.744444448,0.303473119,0.495472931,0.332378948,-1
0.839349278,0.607439951,0.609187005,0.988287882,1
0.26243192,0.27890231,0.004808464,0.473716902,1
0.514238061,0.79956234,0.587728764,0.746860938,1
0.446774128,0.796169118,0.777462423,0.669958828,1
0.341211146,0.954086903,0.657183184,0.795592,1
0.839141805,0.444338165,0.528314694,0.272543425,-1
0.982492502,0.456882813,0.825773161,0.283915129,-1
0.626464501,0.599817138,0.962433769,0.71725575,1
0.181275171,0.842621831,0.313736457,0.184637118,1
0.123017017,0.031200453,0.797085057,0.833703359,1
0.57996871,0.187270142,0.285175798,0.169665013,-1
0.328535803,0.943594399,0.014894876,0.953265677,1
0.268186373,0.947922139,0.094149754,0.722548045,1
0.550239104,0.452984391,0.328723021,0.134248403,-1
0.180516896,0.810832551,0.305566322,0.853092496,1
0.678491869,0.928879201,0.018022133,0.931692742,1
0.05568849,0.672717281,0.162207409,0.564184667,1
0.034057184,0.37233228,0.443989463,0.39882333,1
0.286518455,0.405695691,0.76677003,0.441602502,1
0.077390047,0.438823922,0.681255935,0.701680741,1
0.90057229,0.678649201,0.714536728,0.260042991,-1
0.846605947,0.465070329,0.459780878,0.028529451,-1
0.395698473,0.953264168,0.919268407,0.947965234,1
0.169215265,0.354697982,0.98894342,0.99616896,1
0.430452313,0.339020862,0.932601115,0.779483271,1
0.416218137,0.895860047,0.461523347,0.989401409,1
0.728763483,0.545434258,0.90492217,0.487552957,-1
0.406473679,0.749283717,0.386451654,0.12798266,1
0.951807457,0.124877199,0.603016552,0.464367277,-1
0.911985021,0.453234818,0.560319009,0.742590491,-1
0.951414317,0.074749438,0.845839756,0.673391623,-1
0.346001203,0.663340614,0.284804955,0.873979507,1
0.290244209,0.703651642,0.663318498,0.758250399,1
0.886700763,0.918950568,0.602258177,0.617175242,1
0.210030797,0.660071908,0.656462947,0.274817223,1
0.130876548,0.690104919,0.309934087,0.336378344,1
0.520515887,0.85372361,0.331643807,0.835723542,1
0.90546275,0.467901723,0.188197329,0.385886377,-1
0.402530236,0.458478682,0.100683407,0.080346562,1
0.215761252,0.806104187,0.286563954,0.865584371,1
0.078739483,0.824767236,0.354826222,0.43537406,1
0.933059862,0.190436103,0.535761698,0.172080874,-1
0.602871561,0.025673208,0.990832978,0.004296413,-1
0.377492173,0.05681496,0.028178083,0.65249683,1
0.664931441,0.14293558,0.709532016,0.369689626,-1
0.792190264,0.171418738,0.905157018,0.376099196,-1
0.33349213,0.625844781,0.865829381,0.44134246,1
0.692658864,0.029515208,0.119169323,0.516123848,-1
0.203815677,0.472332265,0.955275201,0.300114616,-1
0.958713596,0.67844277,0.440900791,0.478321806,-1
0.711832456,0.114788969,0.875760217,0.006246886,-1
0.166906592,0.236063924,0.864951643,0.171435896,-1
0.442777173,0.289080602,0.355150575,0.303557435,-1
0.632993568,0.172756294,0.631146447,0.744464562,-1
0.929967172,0.323706123,0.86454925,0.580893342,-1
0.529330969,0.801110099,0.020991735,0.701207183,1
0.626474424,0.299633699,0.076820255,0.804664425,1
0.680818923,0.775625723,0.376714427,0.851985239,1
0.923197523,0.552770831,0.149193664,0.117720956,-1
0.152834142,0.554691722,0.034096896,0.657263656,1
0.405720794,0.730647287,0.782249708,0.752951472,1
0.312475999,0.773624822,0.327245076,0.70212879,1
0.693898958,0.900847105,0.81747633,0.605118454,1
0.890687873,0.138167156,0.17361905,0.038266625,-1
0.490670966,0.794076816,0.676117733,0.195150091,1
0.805823509,0.189413374,0.875600481,0.330681698,-1
0.326438909,0.028974383,0.757155472,0.642833402,-1
0.549879145,0.127387192,0.229625715,0.217403928,-1
0.388784335,0.133735686,0.358943619,0.076909808,-1
0.896829007,0.12831096,0.363164094,0.980589356,1
0.676120081,0.935259793,0.267443111,0.206758962,1
0.828396948,0.273230055,0.337302762,0.983253339,1
0.110088848,0.942679256,0.086960649,0.610371014,1
0.279227335,0.638150501,0.451559652,0.247978553,1
0.767636166,0.872530821,0.454664028,0.51795793,1
0.216056596,0.367073238,0.02903551,0.712831054,1
0.034062128,0.236201905,0.637101873,0.259869027,1
0.436551898,0.187318238,0.059458787,0.114686006,-1
0.93686371,0.545649265,0.169196114,0.549669497,1
0.262088963,0.255116455,0.684679742,0.218901766,-1
0.5697455,0.305823608,0.554567313,0.312175584,-1
0.359553045,0.015548619,0.006035834,0.973133083,1
0.026838629,0.587488094,0.288085153,0.30919049,1
0.500419192,0.962558311,0.376611565,0.946247503,1
0.827014908,0.849847674,0.146493033,0.410561867,1
0.258982421,0.007940297,0.074533615,0.010333602,-1
0.045885007,0.634025539,0.460742876,0.310068997,1
0.246471604,0.359291135,0.370394379,0.155206838,1
0.660732145,0.114059615,0.824557518,0.99408254,-1
0.329409691,0.540817926,0.537535656,0.450239205,1
0.659496248,0.416421383,0.817516083,0.545218288,-1
0.013004124,0.517098497,0.460380827,0.262331778,1
0.718067857,0.886122876,0.014033814,0.882541235,1
0.391118812,0.149395908,0.004983205,0.103061072,-1
0.03350526,0.434676523,0.166226784,0.82356269,1
0.406015403,0.059038808,0.365938839,0.42717573,-1
0.716307637,0.381030057,0.718210476,0.920344683,1
0.921336415,0.722369468,0.159423637,0.528012159,1
0.984015743,0.095119229,0.278771471,0.87083464,-1
0.983420873,0.667190397,0.644938448,0.352810811,-1
0.896306093,0.296400554,0.287204149,0.400152412,-1
0.86570321,0.598562764,0.321930893,0.59792289,1
0.800960972,0.15185199,0.155416795,0.911517928,1
0.554978851,0.436377107,0.387663141,0.132987019,-1
0.418872148,0.012682301,0.895733134,0.042167417,-1
0.127122507,0.229022947,0.887766868,0.401038961,-1
0.654620743,0.263679654,0.393613328,0.595707687,-1
0.863964912,0.511385232,0.675457742,0.919679296,1
0.274598435,0.215084888,0.252214195,0.293775812,1
0.840163937,0.346109791,0.949987708,0.545039342,-1
0.070755244,0.747817091,0.624682173,0.781681778,1
0.378792075,0.413619453,0.206947941,0.327399542,1
0.268169434,0.055752562,0.109655161,0.095262768,-1
0.152921179,0.390028141,0.56584961,0.441682612,1
0.63099958,0.474483941,0.274333396,0.02907682,-1
0.316374816,0.825320716,0.07116526,0.675390381,1
0.959111853,0.303643571,0.1584493,0.111590373,-1
0.498673989,0.821790139,0.049520296,0.199640281,1
0.738608517,0.565679763,0.680883748,0.530161539,-1
0.012755669,0.054381617,0.781755812,0.627356847,1
0.605353189,0.260014181,0.807365196,0.373596632,-1
0.576451321,0.589103551,0.265053593,0.606453634,1
0.807378821,0.479733615,0.895899397,0.846388685,-1
0.654968062,0.198650617,0.607986088,0.701945689,-1
0.878228395,0.239012662,0.014400839,0.392873914,-1
0.902372925,0.780193479,0.344028749,0.571868663,1
0.152232857,0.617309919,0.533664735,0.249773735,1
0.192580087,0.1441288,0.627762577,0.727346733,1
0.790975649,0.71613202,0.446737301,0.343329145,-1
0.060705104,0.401506429,0.811105644,0.078634675,-1
0.389827192,0.462385368,0.144827989,0.302230928,1
0.299965854,0.707282007,0.974829375,0.300402482,1
0.734179907,0.401210546,0.833760066,0.023221198,-1
0.104209254,0.014385401,0.340101161,0.176114252,-1
0.792575488,0.074640442,0.616239066,0.860918797,-1
0.782728943,0.591068175,0.303756169,0.65594817,1
0.532397693,0.44600152,0.089218767,0.856537601,1
0.253352342,0.926620602,0.521525805,0.270940466,1
0.070954585,0.094893356,0.825291533,0.89594778,1
0.625803331,0.375418784,0.763926622,0.208790396,-1
0.02468147,0.545998864,0.947639308,0.96416818,1
0.062042493,0.111678374,0.333547273,0.414360088,1
0.129611982,0.904463234,0.389738382,0.229565214,1
0.450614072,0.633276999,0.15041288,0.818370199,1
0.672335844,0.905411643,0.333704421,0.360443493,1
0.856110833,0.630552939,0.553678828,0.501524068,-1
0.498445424,0.014228277,0.550293945,0.747674118,-1
0.048784504,0.316477787,0.160421045,0.831849881,1
0.31383236,0.111870738,0.11708947,0.394470982,1
0.641631168,0.629463131,0.398550434,0.096636347,-1
0.786386644,0.060709448,0.831383005,0.265391615,-1
0.289150493,0.673994922,0.185001205,0.791945013,1
0.497868011,0.477439087,0.500785758,0.936860743,1
0.818434616,0.305545803,0.12631448,0.568258588,1
0.595128293,0.516332982,0.864628453,0.938021557,1
0.536424609,0.70702825,0.766645688,0.597248395,1
0.330873141,0.813610983,0.564353536,0.987951968,1
0.411690226,0.31580834,0.389569372,0.762348503,1
0.794006241,0.311302181,0.490137663,0.185615869,-1
0.343208221,0.344976871,0.886904096,0.516770006,-1
0.462606736,0.666304893,0.905048282,0.640152095,1
0.367823668,0.86107163,0.498388955,0.868950901,1
0.67957062,0.761779254,0.52922695,0.60011837,1
0.567779032,0.875837577,0.909700719,0.999669379,1
0.651776846,0.871235497,0.578598447,0.1291763,-1
0.491113748,0.172790403,0.775785104,0.293370644,-1
0.398458235,0.850223982,0.661394631,0.476879374,1
0.477484209,0.959588376,0.469657239,0.129582432,1
0.066587623,0.770206989,0.21976762,0.228123465,1
0.411028487,0.875015351,0.602589739,0.181072044,1
0.969091958,0.067413476,0.184258997,0.672015578,-1
0.780721031,0.646792216,0.197509716,0.32578484,1
0.729017889,0.32409659,0.861992146,0.790587527,-1
0.765650616,0.640346912,0.125649252,0.546013905,1
0.756580804,0.879751031,0.645580256,0.230556561,-1
0.843270317,0.373637676,0.43731821,0.686762469,-1
0.77015685,0.766737558,0.612605067,0.049082601,-1
0.978660929,0.168086659,0.737482415,0.572598535,-1
0.111359443,0.519724684,0.303279447,0.993762321,1
0.396076941,0.627455609,0.042967713,0.36296903,1
0.492060651,0.713913686,0.835507531,0.55872066,1
0.258094618,0.306396105,0.36930818,0.927280354,1
0.036966221,0.263687109,0.661339306,0.259876495,1
0.974381323,0.916003507,0.895719918,0.832475027,1
0.726425979,0.615034264,0.274099066,0.175125905,-1
0.14796483,0.09317506,0.997898477,0.879842194,1
0.147894557,0.627697202,0.834353381,0.279632764,1
0.704824099,0.192028023,0.791343687,0.849476001,-1
0.380993522,0.77696469,0.656612708,0.806716015,1
0.076411444,0.864500505,0.543673019,0.189125152,1
0.410840343,0.333581612,0.38668133,0.978558955,1
0.142990554,0.135413999,0.822232088,0.25372766,-1
0.798920121,0.765467158,0.595334514,0.778546128,1
0.930248163,0.318613734,0.781641321,0.810784541,-1
0.004719478,0.252379511,0.987674556,0.497952948,1
0.650040581,0.200074611,0.7882538,0.915723152,-1
0.678532461,0.069009852,0.852920887,0.100983543,-1
0.253622842,0.551910735,0.485612829,0.135824589,1
0.843180913,0.403811623,0.873756073,0.858316796,-1
0.293958774,0.750115801,0.333847083,0.018646485,1
0.026860384,0.487183502,0.205316779,0.728327979,1
0.093307163,0.384786123,0.494357068,0.816657869,1
0.797884972,0.06140851,0.03120896,0.11622045,-1
0.711402626,0.213691491,0.827574415,0.488556381,-1
0.783406784,0.543873364,0.264257438,0.347448407,-1
0.623922644,0.410644612,0.677499332,0.773890999,1
0.82541546,0.900963206,0.793864336,0.285286735,-1
0.035022585,0.056289537,0.681843865,0.82439671,1
0.405474972,0.443509247,0.650759237,0.173061082,-1
0.249668755,0.537812527,0.237341729,0.863643463,1
0.480896842,0.1340606,0.477403479,0.926054761,1
0.880839127,0.540947224,0.936419265,0.191103739,-1
0.280684818,0.857368192,0.241103511,0.050352494,1
0.599142509,0.198017363,0.209113879,0.548449472,1
0.026226139,0.155609101,0.272472028,0.009517899,-1
0.155198666,0.061377768,0.77581742,0.828363668,1
0.833910871,0.661073989,0.331411415,0.908544404,1
0.194893367,0.018602642,0.603074701,0.705296744,1
0.829788035,0.291102937,0.184014864,0.243330313,-1
0.338074859,0.973823827,0.08745885,0.589231591,1
0.67111655,0.764640454,0.308915382,0.938899963,1
0.052366319,0.24368393,0.230878404,0.895502012,1
0.734309066,0.682116061,0.909187052,0.606226205,-1
0.499481778,0.13785451,0.936884346,0.792378325,-1
0.943299937,0.629811667,0.031878841,0.836167527,1
0.289772416,0.857014693,0.593647043,0.560141091,1
0.376560427,0.899798333,0.043817522,0.000695104,1
0.113755362,0.348368402,0.424902843,0.25127513,1
0.964850707,0.486310193,0.521581279,0.431948596,-1
0.432511567,0.679517492,0.840339421,0.43065287,1
0.084563201,0.704121891,0.625029679,0.875233039,1
0.716676413,0.460884057,0.25520468,0.067640949,-1
0.50678738,0.364272297,0.904691236,0.33990679,-1
0.328087741,0.280265224,0.767300602,0.177062067,-1
0.753524141,0.076204434,0.562665502,0.246035201,-1
0.836005825,0.444624971,0.897153534,0.72781949,-1
0.253716352,0.165706297,0.368079409,0.288204889,-1
0.534425017,0.398748973,0.337731007,0.237341669,-1
0.435165233,0.920584671,0.618855356,0.139659015,1
0.157704146,0.511334386,0.08689544,0.220730282,1
0.600481204,0.91414233,0.375497532,0.817546705,1
0.93745076,0.091933939,0.187381067,0.378229055,-1
0.107758579,0.993037174,0.81052669,0.665515219,1
0.899981435,0.096433623,0.723248195,0.935813288,-1
0.550464991,0.313147493,0.674674046,0.426481118,-1
0.427356687,0.785375111,0.913981417,0.605160035,1
0.15238083,0.602400258,0.820960897,0.969584428,1
0.247546003,0.465908353,0.548724636,0.364650952,1
0.447368794,0.298131346,0.015541594,0.664447579,1
0.532783438,0.133172785,0.094686357,0.314755083,-1
0.354651134,0.295008955,0.514758291,0.885715838,1
0.773114812,0.166627083,0.952482638,0.29554473,-1
0.881681142,0.317103941,0.843061196,0.29536608,-1
0.734092093,0.10983968,0.935012246,0.907082067,-1
0.406432206,0.832087961,0.973413085,0.492884587,1
0.604178746,0.971592754,0.37252639,0.207139651,1
0.641105052,0.218271272,0.320900691,0.025819248,-1
0.127466836,0.706077628,0.783247901,0.170208937,1
0.496191997,0.039013692,0.212221714,0.302340548,-1
0.310469356,0.616295124,0.959152206,0.961439611,1
0.578574464,0.669364171,0.930232869,0.783657434,1
0.943608937,0.037201533,0.365729487,0.673256461,-1
0.426939609,0.003334562,0.34491239,0.840722266,1
0.033128441,0.142464354,0.692681628,0.42085428,1
0.929433879,0.862405459,0.716603864,0.70373735,1
0.924982251,0.276037416,0.800343496,0.481286619,-1
0.35830692,0.531691537,0.593670477,0.820575983,1
0.259989116,0.522221302,0.097175012,0.437390204,1
0.786859646,0.567617715,0.559509166,0.859973844,1
0.511582243,0.333032554,0.04308996,0.008897234,-1
0.562527153,0.413416552,0.757631721,0.996031119,1
0.684793764,0.414348153,0.659647529,0.27520106,-1
0.092396595,0.983921784,0.599459321,0.03351641,1
0.872578967,0.057739298,0.22699475,0.152099956,-1
0.94293788,0.396542886,0.713714361,0.479596154,-1
0.096594237,0.791320582,0.724502413,0.888842341,1
0.845882505,0.594185463,0.34421797,0.283419108,-1
0.909395615,0.309563093,0.032750826,0.784127027,1
0.011341141,0.901802906,0.843615848,0.170392501,1
0.523682704,0.09312699,0.770300115,0.73129355,-1
0.650345274,0.319027136,0.509646637,0.246621834,-1
0.385145351,0.886961615,0.706963279,0.081840926,1
0.649302049,0.657431673,0.791173907,0.852908745,1
0.76285348,0.68451689,0.330669018,0.68655216,1
0.575685981,0.473948625,0.913675142,0.958110619,1
0.631919149,0.141244158,0.576704963,0.985055605,1
0.278204004,0.950924882,0.287909274,0.534722619,1
0.839836423,0.882626123,0.26686486,0.90598045,1
0.426834956,0.437438546,0.890178179,0.47664862,-1
0.631622378,0.834956801,0.36610119,0.889671252,1
0.833466982,0.325143401,0.150015388,0.02384976,-1
0.270185464,0.3676393,0.94632757,0.128724833,-1
0.400800736,0.794839466,0.650835315,0.740640205,1
0.554254592,0.099308716,0.982214569,0.391020205,-1
0.443865357,0.951781558,0.193833694,0.393628461,1
0.090384122,0.001473923,0.828742595,0.601848347,-1
0.74438131,0.295395849,0.493802089,0.023885473,-1
0.032615449,0.048454552,0.590778536,0.387670983,1
0.429742543,0.442740384,0.044890572,0.056746128,1
0.037262279,0.789846368,0.564458152,0.689570564,1
0.975797753,0.913520616,0.633544303,0.520390906,1
0.522339908,0.53325436,0.498099763,0.076086459,-1
0.909629979,0.804076444,0.059623629,0.406259746,1
0.383247921,0.562660357,0.515163184,0.430212874,1
0.884452237,0.750876452,0.053194939,0.659312275,1
0.255017609,0.009230354,0.843631921,0.218391174,-1
0.909049842,0.476784852,0.594672782,0.081088659,-1
0.894560445,0.250329527,0.691018831,0.467671672,-1
0.398517161,0.307918258,0.647226772,0.728671717,1
0.625020002,0.966949104,0.623439836,0.613983836,1
0.567597286,0.208804361,0.95385832,0.900597745,-1
0.894511885,0.520476253,0.176943992,0.252779362,-1
0.214165804,0.225546129,0.474905196,0.220095318,-1
0.003859159,0.567197874,0.842403609,0.235804992,1
0.880581461,0.998163526,0.496963455,0.81012951,1
0.235121635,0.131865337,0.762404727,0.702409052,1
0.244864622,0.954676585,0.179877258,0.878504858,1
0.640917035,0.123877511,0.691622057,0.71101123,-1
0.304524481,0.186238206,0.914424854,0.66108024,-1
0.825620812,0.646502711,0.162657425,0.439577434,1
0.883688711,0.128169077,0.42809612,0.5627936,-1
0.945372958,0.081320503,0.041851866,0.990311323,1
0.390795338,0.659227054,0.225746257,0.957315412,1
0.801320065,0.027398851,0.666150366,0.336818266,-1
0.157113288,0.985179801,0.871344883,0.155455797,1
0.625165397,0.539330947,0.344728344,0.41707912,1
0.698985353,0.373834917,0.027251564,0.554477016,1
0.085868933,0.706734886,0.905282667,0.029752119,1
0.531179573,0.947411374,0.471062246,0.866706272,1
0.888566522,0.382277349,0.910464019,0.894414243,-1
0.263666008,0.692908555,0.327979775,0.497190384,1
0.234785525,0.602071312,0.691103543,0.209287003,1
0.839657228,0.775257712,0.017447981,0.721597132,1
0.49554003,0.591834206,0.51234685,0.699716103,1
0.152366366,0.376179808,0.331813678,0.460747231,1
0.230768156,0.8506492,0.336112447,0.170593047,1
0.657953957,0.225735191,0.953345605,0.794371449,-1
0.562948381,0.796958284,0.75050541,0.888499639,1
0.291828738,0.996881006,0.333924229,0.142514518,1
0.622304985,0.28131082,0.632832749,0.939671596,1
0.715905408,0.710380975,0.415545709,0.000260855,-1
0.280731034,0.664642067,0.576499798,0.438805016,1
0.412273159,0.414835533,0.959500529,0.01116777,-1
0.362205713,0.498269902,0.615848229,0.234515507,-1
0.781392022,0.949123026,0.150577896,0.706984203,1
0.135487151,0.953181676,0.838270698,0.694164365,1
0.902069515,0.732923312,0.726165419,0.265120839,-1
0.289636086,0.384680005,0.1088462,0.326573618,1
0.499557926,0.040082729,0.16135154,0.093233937,-1
0.783590388,0.582933586,0.29701029,0.041599353,-1
0.677062063,0.564712642,0.423582439,0.759280151,1
0.14981173,0.355182617,0.528414418,0.324874494,1
0.69661948,0.880200821,0.275097373,0.521821812,1
0.129013043,0.624530133,0.827956081,0.951887882,1
0.945946287,0.624015546,0.792784736,0.668978417,-1
0.886411849,0.295741411,0.273747993,0.473121621,-1
0.515004613,0.074679927,0.6156944,0.64937216,-1
0.679408746,0.293705994,0.101550724,0.665635914,1
0.976793358,0.234739809,0.669963217,0.230147442,-1
0.125460357,0.345897381,0.347396598,0.804889674,1
0.752243051,0.848490359,0.669495603,0.502785046,1
0.827051909,0.160364382,0.295302241,0.434029714,-1
0.781430327,0.157864376,0.680427967,0.709033584,-1
0.190882667,0.50865927,0.393773067,0.555263986,1
0.428641341,0.603301,0.39181833,0.25500379,1
0.014456747,0.161396968,0.206963301,0.075200568,1
0.325285489,0.635454325,0.724520307,0.58910238,1
0.134702029,0.843940576,0.81930536,0.674242071,1
0.450517462,0.782269212,0.926471637,0.588013413,1
0.57227493,0.264566354,0.514119992,0.533702257,-1
0.792023282,0.314698962,0.193143288,0.472616371,-1
0.41973661,0.183195572,0.602900908,0.323811196,-1
0.532536544,0.447473273,0.198180188,0.430986088,1
0.925704392,0.326678617,0.410392575,0.764897801,-1
0.899081838,0.27981629,0.853074814,0.996462675,-1
0.544833398,0.931763908,0.429081791,0.265018285,1
0.90112395,0.399692413,0.925658579,0.792067001,-1
0.051826709,0.379423157,0.373077718,0.13460926,1
0.808602519,0.592846449,0.698246369,0.035536148,-1
0.334904579,0.068506686,0.588625421,0.453946489,-1
0.228683117,0.205237662,0.100866144,0.562977065,1
0.822401808,0.723618278,0.412395,0.230882795,-1
0.348234579,0.575147613,0.924708227,0.144762425,-1
0.165470595,0.200232504,0.055550474,0.677095829,1
0.028133568,0.843480345,0.384047546,0.354070511,1
0.955369765,0.423730001,0.240640116,0.510472307,-1
0.680290712,0.544750963,0.227808607,0.694706652,1
0.860562115,0.527967384,0.357120387,0.595292948,1
0.939093515,0.185107821,0.924102561,0.506110755,-1
0.680193964,0.081689714,0.502498346,0.776399255,-1
0.917423748,0.464093623,0.80323764,0.685202744,-1
0.256691671,0.030554776,0.350272035,0.31949364,-1
0.885618134,0.434984158,0.458682511,0.832142882,1
0.92004279,0.557864961,0.951096663,0.660821562,-1
0.30006344,0.638782129,0.132983376,0.587068221,1
0.073390947,0.034217413,0.070307241,0.01907843,-1
0.767398735,0.709900447,0.706081442,0.836950031,1
0.084952216,0.169323948,0.931702776,0.113997865,-1
0.72876408,0.593382473,0.108900914,0.840420447,1
0.447889644,0.608064919,0.651696842,0.337496726,1
0.651248663,0.772359587,0.14606214,0.429435629,1
0.169501871,0.056273616,0.693962929,0.79377867,1
0.531449241,0.854725147,0.625613623,0.141567481,1
0.633800858,0.384284326,0.043723399,0.608101843,1
0.014096004,0.399618961,0.797923827,0.930628822,1
0.470371335,0.325417485,0.986210699,0.636443762,-1
0.886325971,0.55539011,0.436744819,0.047770657,-1
0.114028436,0.295420103,0.344748854,0.698346125,1
0.442541152,0.366120002,0.048806118,0.257109528,1
0.659547888,0.349048329,0.225202909,0.690901504,1
0.29477297,0.630224056,0.581012919,0.363179771,1
0.950368402,0.664442081,0.601375338,0.541884227,-1
0.694286248,0.992096337,0.252518404,0.222141917,1
0.206806527,0.944361262,0.65434166,0.905487329,1
0.554762326,0.350347862,0.060095596,0.373541167,1
0.879278485,0.192997945,0.94050609,0.078816497,-1
0.557857691,0.919576138,0.092530578,0.030929937,1
0.75233406,0.28869205,0.333977931,0.626900805,-1
0.894900792,0.550859428,0.651049643,0.936996637,1
0.841844173,0.919324154,0.503910776,0.319935296,1
0.130856683,0.090048522,0.530925141,0.745174728,1
0.189153934,0.257696302,0.379123731,0.288928405,1
0.153639831,0.427047958,0.768907413,0.124354044,-1
0.028902066,0.57772329,0.282511266,0.514080994,1
0.009084898,0.899521395,0.649272739,0.387511869,1
0.596451742,0.218225617,0.922183822,0.978609764,1
0.609049324,0.967031884,0.330671886,0.291817738,1
0.918923432,0.433981378,0.81343913,0.592342564,-1
0.733574443,0.784822423,0.787635595,0.571356444,1
0.301146952,0.525233845,0.124322479,0.615855992,1
0.495574479,0.331276853,0.157387548,0.560914262,1
0.258163023,0.431593647,0.414998272,0.279859395,1
0.732854364,0.717901601,0.687332798,0.151849633,-1
0.116760751,0.916212078,0.657703905,0.733012506,1
0.746041563,0.890027987,0.679977497,0.03969852,-1
0.809789107,0.134706058,0.009386677,0.801622306,1
0.745233681,0.119912755,0.128609574,0.40641689,-1
0.337143314,0.893452421,0.763906381,0.830011438,1
0.58432498,0.653085542,0.841915498,0.971035485,1
0.468952105,0.040278077,0.746948593,0.422483055,-1
0.087265034,0.504715964,0.944523466,0.053904847,-1
0.828717426,0.894453465,0.919714226,0.787036774,1
0.685944708,0.385728464,0.22307429,0.630077022,1
0.267325055,0.292051878,0.509767188,0.508819385,1
0.969483565,0.23403657,0.787740194,0.567686157,-1
0.183774203,0.200948357,0.522451914,0.309190867,-1
0.299940923,0.380306063,0.617391945,0.747135973,1
0.411184891,0.594790142,0.558240701,0.33666085,1
0.236489187,0.268385975,0.730992026,0.883354377,1
0.195055323,0.622442642,0.063402116,0.33365592,1
0.70537928,0.80456731,0.492786527,0.796014569,1
0.180548254,0.103971259,0.229924038,0.804783829,1
0.522332918,0.729240307,0.337391082,0.050238676,1
0.296171823,0.648590264,0.551638107,0.402505131,1
0.462781888,0.474654623,0.743685672,0.965191643,1
0.925232417,0.93291211,0.412305545,0.414375944,1
0.215889142,0.096443679,0.507618333,0.330523571,-1
0.001008879,0.599106918,0.128972373,0.636372354,1
0.906606243,0.233564709,0.214835657,0.85802537,1
0.680041946,0.032328338,0.292829641,0.788283984,1
0.514951805,0.579859264,0.449965832,0.538409743,1
0.522068881,0.842198152,0.240282117,0.741670446,1
0.102918579,0.556896988,0.263263486,0.739720607,1
0.996880488,0.83988299,0.891582572,0.444794607,-1
0.358968819,0.204952274,0.586139829,0.850409858,1
0.625242599,0.621254887,0.938674618,0.49453486,-1
0.393366521,0.174020887,0.618079877,0.948157535,1
0.007662446,0.289539819,0.25071904,0.797788189,1
0.545284934,0.018502935,0.102537453,0.133044583,-1
0.509110374,0.70149639,0.546363901,0.237769754,1
0.24677892,0.952091372,0.442645615,0.127723467,1
0.045395275,0.749009335,0.691506136,0.534120399,1
0.841729745,0.756727389,0.759439458,0.05669669,-1
0.048249918,0.542089075,0.399421187,0.468574998,1
0.316320497,0.282062873,0.567413399,0.982687803,1
0.78341943,0.244874847,0.205583925,0.682221162,1
0.97240006,0.286318218,0.94352861,0.870900718,-1
0.586464081,0.96313441,0.512806645,0.496210565,1
0.778043849,0.230695346,0.276246602,0.287662211,-1
0.727697444,0.537321413,0.229139552,0.183019317,-1
0.650986797,0.205008252,0.952928415,0.961219012,-1
0.66461502,0.434041295,0.68942083,0.756261476,1
0.938779801,0.142211972,0.70787275,0.950353491,-1
0.535081266,0.375583775,0.65692191,0.671266649,1
0.398440118,0.793560627,0.778967448,0.18605461,1
0.670457661,0.812815651,0.580469556,0.289841958,1
0.440534472,0.903790906,0.503230134,0.058207824,1
0.132873945,0.540375734,0.878731309,0.044066222,-1
0.439203748,0.817863312,0.39294927,0.279558831,1
0.547642742,0.708416645,0.242635508,0.170469621,1
0.395136376,0.043208852,0.281626628,0.67710056,1
0.398271995,0.14594598,0.904771011,0.902417928,1
0.751348651,0.233335663,0.702675221,0.351987322,-1
0.522350346,0.246701081,0.853055727,0.100158516,-1
0.490433034,0.170282743,0.378683695,0.793002236,1
0.088678935,0.235056835,0.633021631,0.468432429,1
0.250851633,0.275461076,0.031556843,0.687341207,1
0.447559023,0.951606626,0.920033539,0.683078529,1
0.637960896,0.346670983,0.469746885,0.421435886,-1
0.709445292,0.297321938,0.519903186,0.659342526,-1
0.992619809,0.404426208,0.766312113,0.633427129,-1
0.93219487,0.302237426,0.3362166,0.525146009,-1
0.092229496,0.757311084,0.62598512,0.19128145,1
0.953539973,0.359743894,0.326902008,0.51190601,-1
0.162795659,0.124899572,0.311106849,0.748330263,1
0.970455087,0.617182559,0.646078398,0.419826917,-1
0.597006665,0.355519454,0.433691632,0.737479419,1
0.240227119,0.362938187,0.102886548,0.686467734,1
0.070295161,0.068488286,0.236150967,0.955726013,1
0.300041215,0.867161872,0.971782796,0.307906461,1
0.813544824,0.457896198,0.698897416,0.342300863,-1
0.076709874,0.077615385,0.659450256,0.387033572,-1
0.354473095,0.904921196,0.326097342,0.026175905,1
0.132010874,0.281695881,0.019821917,0.633546405,1
0.15817963,0.613877843,0.570472592,0.565251059,1
0.062147052,0.661857942,0.036334902,0.365511413,1
0.701843479,0.200024596,0.264742745,0.421458699,-1
0.086481697,0.959986228,0.190658434,0.462200272,1
0.61678724,0.665105984,0.449299624,0.314438776,1
0.173771583,0.541299839,0.768655179,0.225661691,1
0.651401065,0.868968872,0.627936197,0.115936884,-1
0.498696406,0.557047467,0.314700293,0.133966106,-1
0.284510689,0.021398117,0.292043135,0.946523444,1
0.830559739,0.482680552,0.078237989,0.492432971,1
0.818359882,0.807985579,0.171943833,0.748213627,1
0.938169404,0.736009366,0.721280345,0.31093516,-1
0.000326096,0.572304395,0.089448587,0.007705285,1
0.640389225,0.008984853,0.917812203,0.615621671,-1
0.007355693,0.718280464,0.429676951,0.357573339,1
0.106421107,0.449426592,0.079722871,0.648829071,1
0.106794413,0.659616769,0.572144114,0.845977229,1
0.367109044,0.753208346,0.831772314,0.101353212,-1
0.239607701,0.804739014,0.347367805,0.588301834,1
0.346140202,0.029155582,0.779889004,0.582382189,-1
0.249619835,0.779817267,0.70833923,0.521803761,1
0.387064314,0.567350499,0.590942359,0.45459983,1
0.42103837,0.076116627,0.376993696,0.966702005,1
0.640077289,0.251621824,0.393825025,0.182306958,-1
0.787552973,0.133454529,0.428308846,0.559392129,-1
0.269994424,0.564473922,0.423025609,0.626474489,1
0.843982361,0.540981283,0.218924283,0.030129997,-1
0.74046838,0.068921448,0.496764652,0.642273057,-1
0.826101949,0.988430867,0.039869713,0.838161132,1
0.182192247,0.25109544,0.564816499,0.395136017,1
0.065436183,0.315472992,0.049142959,0.437342203,1
0.610350262,0.300656949,0.872281243,0.084882778,-1
0.701552809,0.042039038,0.86002476,0.581377474,-1
0.111617713,0.527901301,0.338257943,0.871681976,1
0.095823732,0.256022334,0.974030463,0.206907077,-1
0.597833772,0.408709992,0.954775008,0.094610032,-1
0.81223261,0.947512643,0.988620998,0.187952199,-1
0.814578174,0.91928097,0.157717675,0.667836577,1
0.089436965,0.121243677,0.00291835,0.732420906,1
0.731278705,0.591944835,0.24817996,0.631010449,1
0.903856576,0.359652173,0.346290121,0.468206155,-1
0.452231787,0.719306932,0.233338713,0.314362331,1
0.070687676,0.523551092,0.755891184,0.641466662,1
0.241278155,0.260843352,0.225927682,0.562026895,1
0.73186506,0.493079306,0.448443245,0.663726669,1
0.040491616,0.855835901,0.259444567,0.124877044,1
0.424522763,0.724406284,0.345794514,0.674027175,1
0.540215087,0.199110302,0.902954948,0.680311278,-1
0.953827838,0.157285874,0.012700868,0.930120144,1
0.208905742,0.37047552,0.132222804,0.828819691,1
0.116332096,0.862272005,0.388062654,0.178100355,1
0.646220068,0.684762628,0.84062101,0.949240627,1
0.10841109,0.634197879,0.213266303,0.199622849,1
0.983496924,0.141323291,0.935234398,0.217680662,-1
0.248344038,0.079302245,0.969800379,0.008521937,-1
0.60635572,0.876145348,0.375258556,0.300626578,1
0.816695273,0.420428701,0.984862842,0.274470823,-1
0.830054213,0.487663607,0.122085695,0.586448451,1
0.489039332,0.460325494,0.76095747,0.396552847,-1
0.760728256,0.51567725,0.579361683,0.186402774,-1
0.915107935,0.27199439,0.621156542,0.392816399,-1
0.900974956,0.231579838,0.48990424,0.15459384,-1
0.21423751,0.899534077,0.220450354,0.832304454,1
0.547061106,0.908697327,0.144134245,0.149752074,1
0.784709481,0.603642852,0.635175705,0.679545952,1
0.194441094,0.365236483,0.802415694,0.750089983,1
0.746889152,0.598590501,0.669643259,0.014890008,-1
0.475558224,0.668487146,0.471602958,0.142246498,1
0.583258581,0.894564091,0.944478114,0.030655604,-1
0.260548082,0.087335524,0.591480868,0.808695513,1
0.08482246,0.539010349,0.226747759,0.047145955,1
0.298132851,0.428449936,0.683843687,0.666181478,1
0.917129359,0.617153494,0.320642856,0.456032436,-1
0.470518193,0.558875877,0.748918544,0.802996379,1
0.269467553,0.225850688,0.998143207,0.358438906,-1
0.762970477,0.10451953,0.269733352,0.025334045,-1
0.772172105,0.009977656,0.931869636,0.218588156,-1
0.021299624,0.059153304,0.696387053,0.7109149,1
0.879986192,0.322652371,0.095259283,0.548920786,-1
0.798170184,0.779476507,0.245872172,0.869693033,1
0.324165239,0.335478586,0.934657552,0.738835656,1
0.669044417,0.619568613,0.479784218,0.103230132,-1
0.296293863,0.992885717,0.882527744,0.971433214,1
0.929952044,0.648005695,0.779297317,0.738712608,-1
0.281960435,0.53977582,0.018283885,0.013857577,1
0.168879971,0.232254753,0.770761745,0.679121666,1
0.745166604,0.739832227,0.685798404,0.485502731,1
0.477134352,0.888992345,0.867667063,0.03471835,-1
0.653444541,0.859807626,0.58050967,0.114439621,-1
0.966575933,0.597060789,0.626104781,0.076625111,-1
0.313027488,0.654752143,0.111147193,0.607824678,1
0.076439458,0.915013994,0.213694223,0.233465852,1
0.791415147,0.433183081,0.036369767,0.142011444,-1
0.365383979,0.289760756,0.444544929,0.530173198,1
0.585099389,0.631882301,0.326580903,0.930301338,1
0.183336706,0.295421839,0.287294231,0.61690277,1
0.076918942,0.62202879,0.496451989,0.689891918,1
0.153662767,0.047534194,0.181705195,0.234425867,1
0.82687599,0.994609895,0.933791872,0.20684386,-1
0.300956743,0.206764149,0.940181284,0.037366266,-1
0.38388449,0.607363956,0.591463082,0.663364966,1
0.650748947,0.347630326,0.000808618,0.507254571,1
0.817370524,0.717737068,0.903006446,0.485800449,-1
0.766266219,0.027993295,0.682892942,0.861695009,-1
0.374175558,0.066841761,0.073851018,0.965514904,1
0.189862478,0.927064141,0.996384162,0.759687935,1
0.646501755,0.087771761,0.314456966,0.246679448,-1
0.003605305,0.332398562,0.809219838,0.676267461,1
0.282887905,0.526180895,0.461450606,0.759305445,1
0.638600595,0.246642124,0.587141467,0.586189814,-1
0.59207458,0.542899457,0.477595513,0.822439267,1
0.325289205,0.780867851,0.552453632,0.926835145,1
0.988951251,0.521882381,0.175316539,0.637566878,1
0.123235846,0.931949934,0.587244869,0.018937867,1
0.735876986,0.14711198,0.154801531,0.184340631,-1
0.15661702,0.416765702,0.44545255,0.026740709,-1
0.434647411,0.280292867,0.537621423,0.934998671,1
0.832243218,0.598100317,0.461900115,0.484467358,-1
0.359909561,0.036474857,0.834109709,0.794785559,-1
0.076238048,0.063686503,0.99617231,0.45683534,-1
0.556925546,0.322882505,0.972244273,0.494209261,-1
0.273930224,0.09837853,0.745929373,0.425713952,-1
0.132054679,0.170044626,0.199956953,0.891772155,1
0.699654849,0.371163799,0.036329236,0.87428512,1
0.485904908,0.039761623,0.188604066,0.63315037,1
0.182716251,0.709240954,0.577547349,0.292279313,1
0.101214538,0.64134136,0.628272343,0.29167834,1
0.201584327,0.17406086,0.364774751,0.245500044,-1
0.134746011,0.062151943,0.63655801,0.70434792,1
0.323789154,0.40665942,0.891293458,0.774611873,1
0.950545048,0.463062926,0.253518207,0.822653561,1
0.532130561,0.202674299,0.286359338,0.806189646,1
0.24768571,0.86954989,0.125419176,0.253770953,1
0.437276253,0.597940369,0.528573773,0.800499861,1
0.669087783,0.023013537,0.820766362,0.629708722,-1
0.547695711,0.899426437,0.29977546,0.231501567,1
0.609054494,0.452946116,0.787678917,0.381076762,-1
0.86313476,0.058026176,0.437012573,0.45320164,-1
0.38069595,0.106269377,0.550539716,0.500559558,-1
0.748955615,0.998425292,0.986114474,0.540571545,1
0.156696798,0.866327404,0.689780984,0.345145159,1
0.058123818,0.615205797,0.970136777,0.291430028,1
0.339706962,0.026944484,0.095965838,0.70352859,1
0.817176415,0.322522636,0.898092237,0.934078415,-1
0.37754767,0.463776234,0.058443093,0.594174757,1
0.972604932,0.099017233,0.123318151,0.593090773,-1
0.605318591,0.570988144,0.630725743,0.738731034,1
0.338236166,0.325875094,0.370104346,0.372643184,1
0.927983722,0.450492337,0.319572274,0.453270376,-1
0.898424694,0.577843795,0.795694331,0.509375565,-1
0.850706461,0.074844308,0.301704812,0.928710835,1
0.256791917,0.057342669,0.607461688,0.450787807,-1
0.285495501,0.300956435,0.461972243,0.637434868,1
0.77994691,0.521721249,0.292592691,0.459363858,1
0.701395228,0.561880235,0.832418956,0.553774459,-1
0.492511776,0.24155477,0.570525957,0.041232659,-1
0.967667748,0.912720163,0.070508114,0.802202179,1
0.476161494,0.82573427,0.266311691,0.671511635,1
0.994905517,0.444545884,0.170874831,0.200327595,-1
0.490578622,0.982062563,0.560307422,0.014586373,1
0.503453396,0.578267561,0.202090504,0.763166025,1
0.768772876,0.234423496,0.492368811,0.56751176,-1
0.388084482,0.810590442,0.72936742,0.654213801,1
0.45325926,0.451274165,0.954996382,0.634740389,1
0.132853968,0.249969169,0.76236834,0.734330201,1
0.758506328,0.955437532,0.080068139,0.887326579,1
0.565236934,0.142650347,0.938246225,0.66590901,-1
0.648636599,0.512563385,0.974473843,0.120674601,-1
0.798058063,0.971925138,0.607110428,0.713735592,1
0.220448243,0.648320621,0.957494959,0.44722718,1
0.857890771,0.614671003,0.330650541,0.640982353,1
0.904728919,0.469650372,0.901215142,0.648896129,-1
0.292019885,0.577780698,0.000365624,0.678375394,1
0.725869758,0.911313227,0.483280019,0.058827639,-1
0.339445804,0.376220283,0.147474747,0.223953264,1
0.272681227,0.228764773,0.314992087,0.167981576,-1
0.17027459,0.423524871,0.171375458,0.928529407,1
0.664018226,0.273596221,0.592906937,0.515230991,-1
0.535851658,0.444565844,0.657608012,0.673363517,1
0.829109418,0.627515047,0.348962693,0.667800225,1
0.267362081,0.534641254,0.053693447,0.081461425,1
0.176155781,0.38544216,0.047168031,0.22507347,1
0.431186366,0.873450099,0.055857809,0.284189209,1
0.475655038,0.300348735,0.071511996,0.913763725,1
0.785220908,0.400029716,0.015675545,0.229101565,-1
0.130651597,0.517723514,0.973679007,0.248620409,-1
0.051355733,0.061824714,0.734796721,0.676290754,1
0.627506477,0.231367221,0.752385615,0.648490662,-1
0.029087552,0.118485992,0.033313608,0.703676853,1
0.13619461,0.098780036,0.117606117,0.837103279,1
0.694555599,0.890275456,0.26130327,0.727295703,1
0.515678957,0.033389077,0.893358002,0.01943439,-1
0.54258242,0.839034992,0.972061138,0.583746479,1
0.808483509,0.507266725,0.994073886,0.920876824,1
0.79368603,0.113716441,0.346786263,0.091678007,-1
0.501867087,0.490445657,0.292302136,0.55456061,1
0.276632058,0.59944172,0.187247407,0.930802795,1
0.119664941,0.090216133,0.743148336,0.199452943,-1
0.88659776,0.978224034,0.718018723,0.525319585,1
0.970288991,0.653018773,0.188894726,0.126739108,-1
0.942526313,0.461132127,0.433937805,0.74872728,1
0.638128133,0.86375811,0.045593135,0.314668692,1
0.090590152,0.262829072,0.655473476,0.187174131,-1
0.074708115,0.823962943,0.781042209,0.980395126,1
0.182450936,0.328975305,0.862900425,0.712827133,1
0.031687662,0.941300531,0.785352872,0.82564999,1
0.724936308,0.244108071,0.433492303,0.683219819,-1
0.14415881,0.957110165,0.347821247,0.689401802,1
0.635926817,0.510824965,0.05538855,0.530875882,1
0.789847559,0.564579859,0.819441443,0.188853702,-1
0.566253127,0.993716132,0.106040338,0.493015707,1
0.377413924,0.77098394,0.006074047,0.559539867,1
0.821586116,0.313801921,0.275042353,0.828280271,1
0.30488083,0.057872625,0.942771305,0.202868607,-1
0.319373098,0.044073792,0.674259328,0.52774622,-1
0.784979891,0.81294397,0.385658395,0.807811208,1
0.503736437,0.412073278,0.85694629,0.355104459,-1
0.260996732,0.384163169,0.674824888,0.547755035,1
0.732475524,0.523126532,0.608096918,0.717437841,1
0.162949965,0.892148967,0.439425837,0.202512365,1
0.921075222,0.405920641,0.961285203,0.643756899,-1
0.222223463,0.604388896,0.822906498,8.90E-05,-1
0.083608717,0.094803556,0.010499432,0.51317698,1
0.073701554,0.335981278,0.141616735,0.569829013,1
0.769551658,0.144841838,0.482809835,0.0070367,-1
0.817677027,0.24488053,0.580618433,0.892472453,-1
0.740425535,0.378971658,0.292988964,0.833193606,1
0.758248787,0.270319612,0.438866966,0.77516546,1
0.96119498,0.2155993,0.398265187,0.788135636,-1
0.466424962,0.633731111,0.137305481,0.37362958,1
0.786996488,0.79971557,0.952761709,0.152311978,-1
0.422568084,0.208514027,0.360044666,0.352260303,-1
0.943729958,0.896256192,0.836977407,0.645097923,1
0.001314398,0.745709471,0.041335726,0.931936747,1
0.981267907,0.536385807,0.423830588,0.093321035,-1
0.570194182,0.969965194,0.07563797,0.738777772,1
0.346470554,0.56488317,0.313814877,0.055267359,1
0.557503053,0.217689899,0.945982651,0.757158469,-1
0.299784703,0.857763287,0.854503455,0.463489355,1
0.159072823,0.861999318,0.173531118,0.045004448,1
0.665256286,0.313302195,0.535883589,0.842029504,1
0.684202783,0.326984211,0.294889206,0.164711562,-1
0.792409362,0.840013404,0.902872154,0.115073935,-1
0.348624438,0.492532786,0.081387409,0.271560872,1
0.250074733,0.051902484,0.7874749,0.314386287,-1
0.345003385,0.778018369,0.174408494,0.606089623,1
0.328632593,0.426672386,0.719987952,0.677466707,1
0.927485533,0.279961881,0.232006661,0.987642257,1
0.756072432,0.333508012,0.207137483,0.993260752,1
0.288238633,0.366939952,0.21613211,0.757536342,1
0.606179876,0.79479241,0.976670545,0.275059607,-1
0.766029364,0.038690786,0.381849006,0.954013745,1
0.846152344,0.726669335,0.635288896,0.411082374,-1
0.901981192,0.872684459,0.046564039,0.216623284,1
0.595707148,0.285814783,0.23206838,0.629130079,1
0.068536145,0.656849259,0.874840379,0.014869037,1
0.218043375,0.231886625,0.460142548,0.043299786,-1
0.869408492,0.621953942,0.003063574,0.180262134,-1
0.414217854,0.075123767,0.464941276,0.200465094,-1
0.661209152,0.966755875,0.824071893,0.719357563,1
0.78348484,0.609969957,0.871885572,0.442867561,-1
0.247886008,0.38371518,0.301074526,0.845492629,1
0.554425289,0.030569773,0.236005207,0.389790102,-1
0.229585395,0.857565587,0.831578263,0.837552199,1
0.006912764,0.603543185,0.437752606,0.748418653,1
0.766639397,0.847840405,0.507087306,0.583861044,1
0.02183325,0.504616247,0.185474578,0.160573598,1
0.393103435,0.007910838,0.151498574,0.528840186,1
0.252540156,0.919073177,0.906805627,0.462670904,1
0.204216921,0.410704796,0.992749904,0.379543847,-1
0.662279467,0.732365748,0.390081439,0.093229987,-1
0.91474208,0.151105279,0.826810551,0.259145448,-1
0.006902548,0.815233277,0.954057682,0.335836643,1
0.7464232,0.909602532,0.893842059,0.375112213,-1
0.799670794,0.777942461,0.841006255,0.146259655,-1
0.907798941,0.757123136,0.683284157,0.31676988,-1
0.974573935,0.405197524,0.171796261,0.281225406,-1
0.119863491,0.70190108,0.237551306,0.820123624,1
0.518969763,0.565460937,0.434285159,0.342089658,1
0.821974812,0.584736352,0.025062185,0.872002145,1
0.637022799,0.344914599,0.268646592,0.268029488,-1
0.953910377,0.70423324,0.980159345,0.775431767,-1
0.946926373,0.160863679,0.312692454,0.609208994,-1
0.966605245,0.001513933,0.571751642,0.01796884,-1
0.067344188,0.562000852,0.611663217,0.701511447,1
0.437534794,0.546484125,0.901538065,0.015752307,-1
0.320839943,0.550827762,0.39603992,0.683893123,1
0.134052058,0.694536761,0.692766656,0.877901636,1
0.13458515,0.927494092,0.204485824,0.431806067,1
0.80594766,0.944210309,0.062852786,0.631342915,1
0.524764264,0.903263329,0.622385892,0.586040743,1
0.944256971,0.604106286,0.688019577,0.227411241,-1
0.988340077,0.926209757,0.296785133,0.78465468,1
0.40989418,0.116946258,0.571561841,0.287636296,-1
0.371187877,0.340801508,0.316222561,0.924375603,1
0.226854092,0.036730444,0.809497998,0.298475138,-1
0.446030959,0.53836985,0.365497581,0.536303186,1
0.266221438,0.737228801,0.698789902,0.333647483,1
0.459096394,0.181222503,0.633425954,0.237293962,-1
0.432905328,0.426246662,0.964579102,0.545239226,-1
0.259623434,0.098167957,0.200796669,0.107685623,-1
0.133714508,0.303221567,0.59817774,0.137155316,-1
0.419228419,0.780122612,0.083703442,0.094427479,1
0.506860511,0.536960417,0.54441471,0.310883617,-1
0.324324555,0.769071433,0.846149149,0.812636386,1
0.6846888,0.638943646,0.040698329,0.513557685,1
0.443093511,0.893148246,0.329360441,0.866476421,1
0.43566308,0.060690387,0.709349662,0.980487207,1
0.793023516,0.175771546,0.860310881,0.326652642,-1
0.81555637,0.416331859,0.500898617,0.219616874,-1
0.752112654,0.739791841,0.994759586,0.518223741,-1
0.789255941,0.892954792,0.428640137,0.353005851,1
0.501267453,0.025853307,0.267345255,0.859477144,1
0.555181923,0.137563028,0.472951879,0.260020655,-1
0.630749738,0.424087433,0.160845331,0.843721031,1
0.097989165,0.764566782,0.158897812,0.582801554,1
0.245676182,0.524437188,0.268341969,0.719405534,1
0.615725142,0.754481359,0.757120065,0.343523777,-1
0.304959958,0.169798443,0.60917403,0.009273918,-1
0.766967603,0.672727006,0.966933033,0.192446478,-1
0.267229092,0.618652743,0.773320765,0.507387783,1
0.039506304,0.006846089,0.572864576,0.024241839,-1
0.296561778,0.740225524,0.450223504,0.550041439,1
0.556364975,0.991735478,0.287057078,0.276184101,1
0.969074471,0.128181357,0.752386592,0.696241209,-1
0.689124711,0.36058276,0.094358161,0.881352815,1
0.717881398,0.191073265,0.10678575,0.024681402,-1
0.55902912,0.714397661,0.734893629,0.34120646,1
0.533354208,0.177867011,0.354592026,0.421405678,-1
0.875724003,0.98684875,0.5806336,0.080011159,-1
0.393098593,0.01699913,0.298855434,0.079353809,-1
0.458066938,0.03979647,0.713680942,0.072376249,-1
0.208245205,0.804330532,0.3604862,0.900341006,1
0.757273163,0.859792286,0.718459525,0.969308299,1
0.546692028,0.566252528,0.995323733,0.391306959,-1
0.357388193,0.754112681,0.083700105,0.313585105,1
0.70099779,0.519514766,0.468205897,0.55331358,1
0.109222497,0.585904472,0.093803058,0.792048062,1
0.006610766,0.190733026,0.725170456,0.798314083,1
0.59730208,0.503441463,0.912045444,0.863258541,1
0.659176067,0.050914633,0.086414433,0.797962204,1
0.580006431,0.056095743,0.519950889,0.00637641,-1
0.90995161,0.3351974,0.552631001,0.919901363,1
0.636006152,0.630904757,0.685149038,0.017962241,-1
0.525561251,0.891977815,0.299654783,0.02941648,1
0.25962308,0.673396626,0.601877716,0.711451916,1
0.051170867,0.68526704,0.198503905,0.538414187,1
0.731950129,0.695744793,0.656757415,0.524588581,1
0.164291391,0.799831433,0.69835706,0.50223993,1
0.280397006,0.660605167,0.45968038,0.065672498,1
0.259427448,0.519936595,0.157659169,0.230040624,1
0.54709596,0.331736411,0.421785817,0.11704032,-1
0.541268467,0.934172713,0.596054366,0.989771061,1
0.788113184,0.246476948,0.322331496,0.070516491,-1
0.869605555,0.511206371,0.830728821,0.060023656,-1
0.78754053,0.740317886,0.122685008,0.661577102,1
0.969427856,0.254168533,0.251180702,0.344057769,-1
0.18046811,0.845584759,0.937607517,0.128513348,1
0.930598963,0.538154422,0.655208209,0.637135664,-1
0.045151876,0.910136134,0.752910869,0.74648817,1
0.240645885,0.35070641,0.810858531,0.805267298,1
0.00885503,0.935324883,0.048426718,0.269027132,1
0.671593534,0.927719459,0.414709138,0.433979779,1
0.90481323,0.58770036,0.725489055,0.401806487,-1
0.572416312,0.101762134,0.139044011,0.608142339,1
0.15546129,0.36687594,0.632557259,0.770087452,1
0.502367434,0.275845535,0.246833457,0.941123967,1
0.567732878,0.266097501,0.839972273,0.131464788,-1
0.188271776,0.226538649,0.836670823,0.255722727,-1
0.324196463,0.00132078,0.453072418,0.378310808,-1
0.716037343,0.893007372,0.394758736,0.993735696,1
0.552928709,0.453497507,0.961595302,0.340951244,-1
0.14228174,0.578421006,0.008178302,0.899552102,1
0.380363559,0.315605539,0.39843869,0.237481612,-1
0.396569245,0.994016875,0.487772274,0.220001083,1
0.576741696,0.983892884,0.618136763,0.9910764,1
0.019401503,0.964547891,0.070009994,0.951105052,1
